,date,variable,value
0,2023-01-01,T2M,27.52
1,2023-01-02,T2M,27.97
2,2023-01-03,T2M,26.71
3,2023-01-04,T2M,27.92
4,2023-01-05,T2M,26.97
5,2023-01-06,T2M,28.44
6,2023-01-07,T2M,27.6
7,2023-01-08,T2M,28.43
8,2023-01-09,T2M,28.45
9,2023-01-10,T2M,27.05
10,2023-01-11,T2M,26.45
11,2023-01-12,T2M,26.92
12,2023-01-13,T2M,25.67
13,2023-01-14,T2M,27.05
14,2023-01-15,T2M,25.92
15,2023-01-16,T2M,27.24
16,2023-01-17,T2M,27.31
17,2023-01-18,T2M,28.82
18,2023-01-19,T2M,25.75
19,2023-01-20,T2M,27.64
20,2023-01-21,T2M,27.58
21,2023-01-22,T2M,28.43
22,2023-01-23,T2M,29.27
23,2023-01-24,T2M,28.57
24,2023-01-25,T2M,28.89
25,2023-01-26,T2M,28.72
26,2023-01-27,T2M,28.51
27,2023-01-28,T2M,28.67
28,2023-01-29,T2M,28.26
29,2023-01-30,T2M,28.35
30,2023-01-31,T2M,27.78
31,2023-02-01,T2M,27.71
32,2023-02-02,T2M,28.3
33,2023-02-03,T2M,28.5
34,2023-02-04,T2M,28.47
35,2023-02-05,T2M,27.98
36,2023-02-06,T2M,28.67
37,2023-02-07,T2M,28.78
38,2023-02-08,T2M,28.29
39,2023-02-09,T2M,27.93
40,2023-02-10,T2M,27.63
41,2023-02-11,T2M,27.51
42,2023-02-12,T2M,25.92
43,2023-02-13,T2M,27.12
44,2023-02-14,T2M,25.8
45,2023-02-15,T2M,27.0
46,2023-02-16,T2M,25.84
47,2023-02-17,T2M,26.43
48,2023-02-18,T2M,27.46
49,2023-02-19,T2M,27.29
50,2023-02-20,T2M,25.41
51,2023-02-21,T2M,25.32
52,2023-02-22,T2M,26.15
53,2023-02-23,T2M,25.67
54,2023-02-24,T2M,26.34
55,2023-02-25,T2M,26.08
56,2023-02-26,T2M,26.24
57,2023-02-27,T2M,26.74
58,2023-02-28,T2M,26.06
59,2023-03-01,T2M,27.11
60,2023-03-02,T2M,26.6
61,2023-03-03,T2M,26.83
62,2023-03-04,T2M,26.81
63,2023-03-05,T2M,26.08
64,2023-03-06,T2M,26.12
65,2023-03-07,T2M,24.59
66,2023-03-08,T2M,25.5
67,2023-03-09,T2M,25.67
68,2023-03-10,T2M,24.64
69,2023-03-11,T2M,25.39
70,2023-03-12,T2M,25.65
71,2023-03-13,T2M,25.69
72,2023-03-14,T2M,25.89
73,2023-03-15,T2M,26.16
74,2023-03-16,T2M,25.53
75,2023-03-17,T2M,25.39
76,2023-03-18,T2M,26.44
77,2023-03-19,T2M,26.02
78,2023-03-20,T2M,25.77
79,2023-03-21,T2M,26.55
80,2023-03-22,T2M,26.24
81,2023-03-23,T2M,25.59
82,2023-03-24,T2M,25.35
83,2023-03-25,T2M,26.43
84,2023-03-26,T2M,26.61
85,2023-03-27,T2M,26.5
86,2023-03-28,T2M,25.68
87,2023-03-29,T2M,26.72
88,2023-03-30,T2M,26.5
89,2023-03-31,T2M,26.04
90,2023-04-01,T2M,26.62
91,2023-04-02,T2M,26.28
92,2023-04-03,T2M,27.16
93,2023-04-04,T2M,26.19
94,2023-04-05,T2M,25.86
95,2023-04-06,T2M,25.3
96,2023-04-07,T2M,25.96
97,2023-04-08,T2M,26.22
98,2023-04-09,T2M,26.64
99,2023-04-10,T2M,25.82
100,2023-04-11,T2M,26.3
101,2023-04-12,T2M,26.21
102,2023-04-13,T2M,26.21
103,2023-04-14,T2M,26.51
104,2023-04-15,T2M,26.2
105,2023-04-16,T2M,25.35
106,2023-04-17,T2M,25.63
107,2023-04-18,T2M,26.98
108,2023-04-19,T2M,26.48
109,2023-04-20,T2M,25.31
110,2023-04-21,T2M,25.55
111,2023-04-22,T2M,25.95
112,2023-04-23,T2M,25.27
113,2023-04-24,T2M,26.1
114,2023-04-25,T2M,26.51
115,2023-04-26,T2M,26.58
116,2023-04-27,T2M,26.2
117,2023-04-28,T2M,26.97
118,2023-04-29,T2M,26.13
119,2023-04-30,T2M,26.3
120,2023-05-01,T2M,26.71
121,2023-05-02,T2M,26.71
122,2023-05-03,T2M,26.99
123,2023-05-04,T2M,28.04
124,2023-05-05,T2M,27.36
125,2023-05-06,T2M,26.85
126,2023-05-07,T2M,27.49
127,2023-05-08,T2M,27.56
128,2023-05-09,T2M,27.66
129,2023-05-10,T2M,27.9
130,2023-05-11,T2M,27.45
131,2023-05-12,T2M,26.76
132,2023-05-13,T2M,26.41
133,2023-05-14,T2M,26.36
134,2023-05-15,T2M,26.47
135,2023-05-16,T2M,26.6
136,2023-05-17,T2M,26.51
137,2023-05-18,T2M,25.96
138,2023-05-19,T2M,26.1
139,2023-05-20,T2M,26.1
140,2023-05-21,T2M,25.0
141,2023-05-22,T2M,25.34
142,2023-05-23,T2M,25.56
143,2023-05-24,T2M,25.88
144,2023-05-25,T2M,25.53
145,2023-05-26,T2M,26.17
146,2023-05-27,T2M,25.41
147,2023-05-28,T2M,25.54
148,2023-05-29,T2M,26.36
149,2023-05-30,T2M,25.96
150,2023-05-31,T2M,25.95
151,2023-06-01,T2M,26.52
152,2023-06-02,T2M,27.2
153,2023-06-03,T2M,26.92
154,2023-06-04,T2M,25.95
155,2023-06-05,T2M,26.81
156,2023-06-06,T2M,25.63
157,2023-06-07,T2M,26.02
158,2023-06-08,T2M,26.09
159,2023-06-09,T2M,25.95
160,2023-06-10,T2M,26.37
161,2023-06-11,T2M,26.48
162,2023-06-12,T2M,26.86
163,2023-06-13,T2M,26.46
164,2023-06-14,T2M,26.73
165,2023-06-15,T2M,27.35
166,2023-06-16,T2M,26.69
167,2023-06-17,T2M,27.23
168,2023-06-18,T2M,26.99
169,2023-06-19,T2M,27.24
170,2023-06-20,T2M,26.77
171,2023-06-21,T2M,26.65
172,2023-06-22,T2M,26.82
173,2023-06-23,T2M,27.31
174,2023-06-24,T2M,26.93
175,2023-06-25,T2M,26.81
176,2023-06-26,T2M,28.14
177,2023-06-27,T2M,27.48
178,2023-06-28,T2M,27.69
179,2023-06-29,T2M,27.7
180,2023-06-30,T2M,27.76
181,2023-07-01,T2M,28.07
182,2023-07-02,T2M,27.38
183,2023-07-03,T2M,27.04
184,2023-07-04,T2M,27.63
185,2023-07-05,T2M,27.53
186,2023-07-06,T2M,27.05
187,2023-07-07,T2M,26.85
188,2023-07-08,T2M,26.5
189,2023-07-09,T2M,26.93
190,2023-07-10,T2M,27.17
191,2023-07-11,T2M,27.6
192,2023-07-12,T2M,27.7
193,2023-07-13,T2M,27.94
194,2023-07-14,T2M,27.68
195,2023-07-15,T2M,27.77
196,2023-07-16,T2M,27.83
197,2023-07-17,T2M,28.31
198,2023-07-18,T2M,28.84
199,2023-07-19,T2M,28.73
200,2023-07-20,T2M,28.83
201,2023-07-21,T2M,28.92
202,2023-07-22,T2M,28.75
203,2023-07-23,T2M,28.51
204,2023-07-24,T2M,28.06
205,2023-07-25,T2M,27.39
206,2023-07-26,T2M,27.71
207,2023-07-27,T2M,27.61
208,2023-07-28,T2M,28.43
209,2023-07-29,T2M,28.46
210,2023-07-30,T2M,28.67
211,2023-07-31,T2M,28.76
212,2023-08-01,T2M,29.47
213,2023-08-02,T2M,29.31
214,2023-08-03,T2M,29.24
215,2023-08-04,T2M,29.02
216,2023-08-05,T2M,28.97
217,2023-08-06,T2M,29.33
218,2023-08-07,T2M,29.48
219,2023-08-08,T2M,29.46
220,2023-08-09,T2M,29.3
221,2023-08-10,T2M,28.97
222,2023-08-11,T2M,28.73
223,2023-08-12,T2M,28.8
224,2023-08-13,T2M,28.23
225,2023-08-14,T2M,29.01
226,2023-08-15,T2M,28.23
227,2023-08-16,T2M,29.39
228,2023-08-17,T2M,28.92
229,2023-08-18,T2M,28.87
230,2023-08-19,T2M,28.72
231,2023-08-20,T2M,27.6
232,2023-08-21,T2M,28.59
233,2023-08-22,T2M,27.57
234,2023-08-23,T2M,29.41
235,2023-08-24,T2M,30.52
236,2023-08-25,T2M,30.41
237,2023-08-26,T2M,29.26
238,2023-08-27,T2M,28.68
239,2023-08-28,T2M,28.89
240,2023-08-29,T2M,30.22
241,2023-08-30,T2M,30.32
242,2023-08-31,T2M,29.4
243,2023-09-01,T2M,29.84
244,2023-09-02,T2M,29.36
245,2023-09-03,T2M,28.56
246,2023-09-04,T2M,28.95
247,2023-09-05,T2M,29.5
248,2023-09-06,T2M,29.08
249,2023-09-07,T2M,29.7
250,2023-09-08,T2M,28.73
251,2023-09-09,T2M,28.81
252,2023-09-10,T2M,28.69
253,2023-09-11,T2M,29.56
254,2023-09-12,T2M,29.44
255,2023-09-13,T2M,29.63
256,2023-09-14,T2M,29.33
257,2023-09-15,T2M,30.02
258,2023-09-16,T2M,29.79
259,2023-09-17,T2M,29.87
260,2023-09-18,T2M,29.37
261,2023-09-19,T2M,29.52
262,2023-09-20,T2M,29.27
263,2023-09-21,T2M,30.2
264,2023-09-22,T2M,30.1
265,2023-09-23,T2M,29.64
266,2023-09-24,T2M,29.97
267,2023-09-25,T2M,29.92
268,2023-09-26,T2M,29.48
269,2023-09-27,T2M,28.88
270,2023-09-28,T2M,29.27
271,2023-09-29,T2M,30.08
272,2023-09-30,T2M,30.04
273,2023-10-01,T2M,29.78
274,2023-10-02,T2M,29.64
275,2023-10-03,T2M,29.02
276,2023-10-04,T2M,29.67
277,2023-10-05,T2M,29.18
278,2023-10-06,T2M,29.94
279,2023-10-07,T2M,30.14
280,2023-10-08,T2M,30.47
281,2023-10-09,T2M,30.36
282,2023-10-10,T2M,27.72
283,2023-10-11,T2M,30.11
284,2023-10-12,T2M,29.65
285,2023-10-13,T2M,29.72
286,2023-10-14,T2M,29.82
287,2023-10-15,T2M,30.36
288,2023-10-16,T2M,29.64
289,2023-10-17,T2M,30.38
290,2023-10-18,T2M,30.55
291,2023-10-19,T2M,29.93
292,2023-10-20,T2M,29.03
293,2023-10-21,T2M,29.85
294,2023-10-22,T2M,29.9
295,2023-10-23,T2M,29.78
296,2023-10-24,T2M,29.4
297,2023-10-25,T2M,28.74
298,2023-10-26,T2M,27.99
299,2023-10-27,T2M,28.08
300,2023-10-28,T2M,27.44
301,2023-10-29,T2M,27.02
302,2023-10-30,T2M,27.67
303,2023-10-31,T2M,27.57
304,2023-11-01,T2M,26.88
305,2023-11-02,T2M,26.89
306,2023-11-03,T2M,27.62
307,2023-11-04,T2M,27.76
308,2023-11-05,T2M,28.35
309,2023-11-06,T2M,29.02
310,2023-11-07,T2M,29.84
311,2023-11-08,T2M,29.13
312,2023-11-09,T2M,28.87
313,2023-11-10,T2M,29.03
314,2023-11-11,T2M,29.28
315,2023-11-12,T2M,29.31
316,2023-11-13,T2M,29.48
317,2023-11-14,T2M,28.64
318,2023-11-15,T2M,28.33
319,2023-11-16,T2M,28.15
320,2023-11-17,T2M,28.59
321,2023-11-18,T2M,29.09
322,2023-11-19,T2M,28.58
323,2023-11-20,T2M,28.5
324,2023-11-21,T2M,28.42
325,2023-11-22,T2M,29.45
326,2023-11-23,T2M,28.86
327,2023-11-24,T2M,27.85
328,2023-11-25,T2M,29.44
329,2023-11-26,T2M,28.77
330,2023-11-27,T2M,29.14
331,2023-11-28,T2M,28.83
332,2023-11-29,T2M,29.19
333,2023-11-30,T2M,29.2
334,2023-12-01,T2M,28.99
335,2023-12-02,T2M,28.98
336,2023-12-03,T2M,29.58
337,2023-12-04,T2M,29.62
338,2023-12-05,T2M,28.01
339,2023-12-06,T2M,28.63
340,2023-12-07,T2M,27.3
341,2023-12-08,T2M,28.96
342,2023-12-09,T2M,28.75
343,2023-12-10,T2M,29.01
344,2023-12-11,T2M,29.2
345,2023-12-12,T2M,29.29
346,2023-12-13,T2M,29.29
347,2023-12-14,T2M,28.98
348,2023-12-15,T2M,28.69
349,2023-12-16,T2M,27.42
350,2023-12-17,T2M,29.09
351,2023-12-18,T2M,29.25
352,2023-12-19,T2M,28.13
353,2023-12-20,T2M,29.8
354,2023-12-21,T2M,30.44
355,2023-12-22,T2M,29.29
356,2023-12-23,T2M,28.11
357,2023-12-24,T2M,29.64
358,2023-12-25,T2M,27.21
359,2023-12-26,T2M,28.16
360,2023-12-27,T2M,26.74
361,2023-12-28,T2M,26.13
362,2023-12-29,T2M,27.64
363,2023-12-30,T2M,27.95
364,2023-12-31,T2M,27.36
365,2024-01-01,T2M,27.68
366,2024-01-02,T2M,26.74
367,2024-01-03,T2M,27.12
368,2024-01-04,T2M,27.29
369,2024-01-05,T2M,28.51
370,2024-01-06,T2M,29.23
371,2024-01-07,T2M,29.22
372,2024-01-08,T2M,29.49
373,2024-01-09,T2M,29.21
374,2024-01-10,T2M,27.59
375,2024-01-11,T2M,26.72
376,2024-01-12,T2M,27.23
377,2024-01-13,T2M,27.8
378,2024-01-14,T2M,27.97
379,2024-01-15,T2M,28.09
380,2024-01-16,T2M,28.55
381,2024-01-17,T2M,29.04
382,2024-01-18,T2M,28.7
383,2024-01-19,T2M,28.59
384,2024-01-20,T2M,28.42
385,2024-01-21,T2M,28.88
386,2024-01-22,T2M,29.69
387,2024-01-23,T2M,29.59
388,2024-01-24,T2M,29.8
389,2024-01-25,T2M,29.63
390,2024-01-26,T2M,29.31
391,2024-01-27,T2M,29.53
392,2024-01-28,T2M,27.7
393,2024-01-29,T2M,28.78
394,2024-01-30,T2M,28.13
395,2024-01-31,T2M,27.79
396,2024-02-01,T2M,28.91
397,2024-02-02,T2M,26.26
398,2024-02-03,T2M,27.28
399,2024-02-04,T2M,29.12
400,2024-02-05,T2M,28.2
401,2024-02-06,T2M,28.63
402,2024-02-07,T2M,28.67
403,2024-02-08,T2M,28.22
404,2024-02-09,T2M,27.46
405,2024-02-10,T2M,28.09
406,2024-02-11,T2M,27.23
407,2024-02-12,T2M,26.3
408,2024-02-13,T2M,27.11
409,2024-02-14,T2M,28.11
410,2024-02-15,T2M,28.7
411,2024-02-16,T2M,28.4
412,2024-02-17,T2M,28.47
413,2024-02-18,T2M,28.36
414,2024-02-19,T2M,27.41
415,2024-02-20,T2M,25.85
416,2024-02-21,T2M,26.47
417,2024-02-22,T2M,27.06
418,2024-02-23,T2M,27.13
419,2024-02-24,T2M,27.23
420,2024-02-25,T2M,27.01
421,2024-02-26,T2M,26.98
422,2024-02-27,T2M,26.68
423,2024-02-28,T2M,26.37
424,2024-02-29,T2M,26.93
425,2024-03-01,T2M,25.73
426,2024-03-02,T2M,26.56
427,2024-03-03,T2M,25.78
428,2024-03-04,T2M,26.92
429,2024-03-05,T2M,26.47
430,2024-03-06,T2M,26.99
431,2024-03-07,T2M,27.1
432,2024-03-08,T2M,27.2
433,2024-03-09,T2M,27.21
434,2024-03-10,T2M,27.64
435,2024-03-11,T2M,27.91
436,2024-03-12,T2M,27.91
437,2024-03-13,T2M,27.55
438,2024-03-14,T2M,27.82
439,2024-03-15,T2M,27.78
440,2024-03-16,T2M,28.56
441,2024-03-17,T2M,28.41
442,2024-03-18,T2M,28.56
443,2024-03-19,T2M,27.85
444,2024-03-20,T2M,27.34
445,2024-03-21,T2M,27.84
446,2024-03-22,T2M,27.64
447,2024-03-23,T2M,27.23
448,2024-03-24,T2M,28.09
449,2024-03-25,T2M,27.62
450,2024-03-26,T2M,27.59
451,2024-03-27,T2M,28.7
452,2024-03-28,T2M,28.64
453,2024-03-29,T2M,28.74
454,2024-03-30,T2M,28.94
455,2024-03-31,T2M,28.67
456,2024-04-01,T2M,27.67
457,2024-04-02,T2M,26.89
458,2024-04-03,T2M,27.07
459,2024-04-04,T2M,27.97
460,2024-04-05,T2M,28.98
461,2024-04-06,T2M,29.45
462,2024-04-07,T2M,29.61
463,2024-04-08,T2M,28.85
464,2024-04-09,T2M,29.78
465,2024-04-10,T2M,29.91
466,2024-04-11,T2M,30.23
467,2024-04-12,T2M,30.53
468,2024-04-13,T2M,29.96
469,2024-04-14,T2M,29.51
470,2024-04-15,T2M,28.87
471,2024-04-16,T2M,29.27
472,2024-04-17,T2M,29.38
473,2024-04-18,T2M,29.7
474,2024-04-19,T2M,29.12
475,2024-04-20,T2M,28.58
476,2024-04-21,T2M,27.78
477,2024-04-22,T2M,28.54
478,2024-04-23,T2M,28.65
479,2024-04-24,T2M,28.21
480,2024-04-25,T2M,28.57
481,2024-04-26,T2M,28.81
482,2024-04-27,T2M,27.59
483,2024-04-28,T2M,28.14
484,2024-04-29,T2M,28.97
485,2024-04-30,T2M,29.19
486,2024-05-01,T2M,29.69
487,2024-05-02,T2M,29.65
488,2024-05-03,T2M,29.06
489,2024-05-04,T2M,29.18
490,2024-05-05,T2M,29.44
491,2024-05-06,T2M,29.7
492,2024-05-07,T2M,28.39
493,2024-05-08,T2M,28.28
494,2024-05-09,T2M,29.72
495,2024-05-10,T2M,30.36
496,2024-05-11,T2M,30.29
497,2024-05-12,T2M,30.22
498,2024-05-13,T2M,29.36
499,2024-05-14,T2M,29.36
500,2024-05-15,T2M,27.73
501,2024-05-16,T2M,29.41
502,2024-05-17,T2M,29.59
503,2024-05-18,T2M,29.67
504,2024-05-19,T2M,29.88
505,2024-05-20,T2M,29.22
506,2024-05-21,T2M,29.5
507,2024-05-22,T2M,29.32
508,2024-05-23,T2M,29.13
509,2024-05-24,T2M,29.72
510,2024-05-25,T2M,30.36
511,2024-05-26,T2M,29.49
512,2024-05-27,T2M,29.18
513,2024-05-28,T2M,28.95
514,2024-05-29,T2M,27.96
515,2024-05-30,T2M,28.95
516,2024-05-31,T2M,29.76
517,2024-06-01,T2M,29.46
518,2024-06-02,T2M,28.67
519,2024-06-03,T2M,28.22
520,2024-06-04,T2M,28.08
521,2024-06-05,T2M,27.17
522,2024-06-06,T2M,27.9
523,2024-06-07,T2M,29.12
524,2024-06-08,T2M,28.79
525,2024-06-09,T2M,27.54
526,2024-06-10,T2M,27.25
527,2024-06-11,T2M,28.15
528,2024-06-12,T2M,28.27
529,2024-06-13,T2M,27.58
530,2024-06-14,T2M,27.41
531,2024-06-15,T2M,27.55
532,2024-06-16,T2M,28.48
533,2024-06-17,T2M,29.02
534,2024-06-18,T2M,27.55
535,2024-06-19,T2M,27.78
536,2024-06-20,T2M,27.68
537,2024-06-21,T2M,28.82
538,2024-06-22,T2M,29.06
539,2024-06-23,T2M,29.44
540,2024-06-24,T2M,28.98
541,2024-06-25,T2M,26.39
542,2024-06-26,T2M,26.58
543,2024-06-27,T2M,26.67
544,2024-06-28,T2M,27.5
545,2024-06-29,T2M,28.08
546,2024-06-30,T2M,27.22
547,2024-07-01,T2M,27.17
548,2024-07-02,T2M,27.78
549,2024-07-03,T2M,27.74
550,2024-07-04,T2M,28.25
551,2024-07-05,T2M,28.43
552,2024-07-06,T2M,28.47
553,2024-07-07,T2M,28.11
554,2024-07-08,T2M,28.1
555,2024-07-09,T2M,27.89
556,2024-07-10,T2M,27.04
557,2024-07-11,T2M,27.26
558,2024-07-12,T2M,27.19
559,2024-07-13,T2M,28.83
560,2024-07-14,T2M,29.28
561,2024-07-15,T2M,28.7
562,2024-07-16,T2M,27.96
563,2024-07-17,T2M,28.3
564,2024-07-18,T2M,28.78
565,2024-07-19,T2M,29.35
566,2024-07-20,T2M,28.17
567,2024-07-21,T2M,27.72
568,2024-07-22,T2M,28.56
569,2024-07-23,T2M,29.13
570,2024-07-24,T2M,28.42
571,2024-07-25,T2M,28.26
572,2024-07-26,T2M,28.34
573,2024-07-27,T2M,28.38
574,2024-07-28,T2M,29.21
575,2024-07-29,T2M,28.19
576,2024-07-30,T2M,28.19
577,2024-07-31,T2M,27.89
578,2024-08-01,T2M,28.79
579,2024-08-02,T2M,28.58
580,2024-08-03,T2M,28.02
581,2024-08-04,T2M,27.63
582,2024-08-05,T2M,27.74
583,2024-08-06,T2M,28.02
584,2024-08-07,T2M,27.63
585,2024-08-08,T2M,27.12
586,2024-08-09,T2M,26.58
587,2024-08-10,T2M,27.09
588,2024-08-11,T2M,28.13
589,2024-08-12,T2M,28.41
590,2024-08-13,T2M,28.29
591,2024-08-14,T2M,28.17
592,2024-08-15,T2M,27.91
593,2024-08-16,T2M,28.04
594,2024-08-17,T2M,27.45
595,2024-08-18,T2M,27.87
596,2024-08-19,T2M,28.76
597,2024-08-20,T2M,27.95
598,2024-08-21,T2M,27.28
599,2024-08-22,T2M,27.33
600,2024-08-23,T2M,27.07
601,2024-08-24,T2M,26.25
602,2024-08-25,T2M,26.75
603,2024-08-26,T2M,27.91
604,2024-08-27,T2M,27.38
605,2024-08-28,T2M,27.33
606,2024-08-29,T2M,27.66
607,2024-08-30,T2M,27.71
608,2024-08-31,T2M,26.55
609,2024-09-01,T2M,27.3
610,2024-09-02,T2M,27.26
611,2024-09-03,T2M,27.05
612,2024-09-04,T2M,27.22
613,2024-09-05,T2M,27.09
614,2024-09-06,T2M,27.35
615,2024-09-07,T2M,27.88
616,2024-09-08,T2M,27.76
617,2024-09-09,T2M,28.22
618,2024-09-10,T2M,28.26
619,2024-09-11,T2M,28.96
620,2024-09-12,T2M,28.35
621,2024-09-13,T2M,28.07
622,2024-09-14,T2M,28.66
623,2024-09-15,T2M,28.44
624,2024-09-16,T2M,28.27
625,2024-09-17,T2M,28.59
626,2024-09-18,T2M,27.6
627,2024-09-19,T2M,27.7
628,2024-09-20,T2M,27.27
629,2024-09-21,T2M,28.11
630,2024-09-22,T2M,27.96
631,2024-09-23,T2M,27.29
632,2024-09-24,T2M,27.62
633,2024-09-25,T2M,27.52
634,2024-09-26,T2M,27.96
635,2024-09-27,T2M,27.28
636,2024-09-28,T2M,26.99
637,2024-09-29,T2M,27.45
638,2024-09-30,T2M,28.11
639,2024-10-01,T2M,28.38
640,2024-10-02,T2M,28.09
641,2024-10-03,T2M,28.33
642,2024-10-04,T2M,28.02
643,2024-10-05,T2M,28.4
644,2024-10-06,T2M,27.71
645,2024-10-07,T2M,27.33
646,2024-10-08,T2M,27.51
647,2024-10-09,T2M,27.14
648,2024-10-10,T2M,27.91
649,2024-10-11,T2M,28.19
650,2024-10-12,T2M,27.82
651,2024-10-13,T2M,28.93
652,2024-10-14,T2M,29.49
653,2024-10-15,T2M,28.98
654,2024-10-16,T2M,28.76
655,2024-10-17,T2M,28.45
656,2024-10-18,T2M,28.79
657,2024-10-19,T2M,27.98
658,2024-10-20,T2M,28.06
659,2024-10-21,T2M,28.65
660,2024-10-22,T2M,28.34
661,2024-10-23,T2M,27.8
662,2024-10-24,T2M,27.69
663,2024-10-25,T2M,27.99
664,2024-10-26,T2M,27.83
665,2024-10-27,T2M,27.3
666,2024-10-28,T2M,28.43
667,2024-10-29,T2M,28.14
668,2024-10-30,T2M,28.49
669,2024-10-31,T2M,27.19
670,2024-11-01,T2M,26.62
671,2024-11-02,T2M,25.76
672,2024-11-03,T2M,26.29
673,2024-11-04,T2M,26.22
674,2024-11-05,T2M,27.33
675,2024-11-06,T2M,27.34
676,2024-11-07,T2M,26.23
677,2024-11-08,T2M,26.19
678,2024-11-09,T2M,26.85
679,2024-11-10,T2M,26.72
680,2024-11-11,T2M,27.48
681,2024-11-12,T2M,27.19
682,2024-11-13,T2M,27.16
683,2024-11-14,T2M,26.58
684,2024-11-15,T2M,27.35
685,2024-11-16,T2M,27.2
686,2024-11-17,T2M,26.78
687,2024-11-18,T2M,27.19
688,2024-11-19,T2M,27.11
689,2024-11-20,T2M,26.99
690,2024-11-21,T2M,26.01
691,2024-11-22,T2M,28.0
692,2024-11-23,T2M,26.88
693,2024-11-24,T2M,27.6
694,2024-11-25,T2M,27.8
695,2024-11-26,T2M,27.52
696,2024-11-27,T2M,26.82
697,2024-11-28,T2M,26.82
698,2024-11-29,T2M,26.98
699,2024-11-30,T2M,28.31
700,2024-12-01,T2M,27.81
701,2024-12-02,T2M,27.9
702,2024-12-03,T2M,28.14
703,2024-12-04,T2M,27.55
704,2024-12-05,T2M,27.75
705,2024-12-06,T2M,27.4
706,2024-12-07,T2M,27.59
707,2024-12-08,T2M,27.09
708,2024-12-09,T2M,28.31
709,2024-12-10,T2M,28.18
710,2024-12-11,T2M,28.75
711,2024-12-12,T2M,28.77
712,2024-12-13,T2M,27.27
713,2024-12-14,T2M,26.6
714,2024-12-15,T2M,26.68
715,2024-12-16,T2M,27.15
716,2024-12-17,T2M,27.17
717,2024-12-18,T2M,27.56
718,2024-12-19,T2M,27.92
719,2024-12-20,T2M,27.82
720,2024-12-21,T2M,27.67
721,2024-12-22,T2M,27.32
722,2024-12-23,T2M,26.74
723,2024-12-24,T2M,27.71
724,2024-12-25,T2M,27.24
725,2024-12-26,T2M,26.02
726,2024-12-27,T2M,26.53
727,2024-12-28,T2M,27.13
728,2024-12-29,T2M,27.11
729,2024-12-30,T2M,25.96
730,2024-12-31,T2M,25.32
731,2025-01-01,T2M,26.23
732,2025-01-02,T2M,26.23
733,2025-01-03,T2M,26.42
734,2025-01-04,T2M,26.73
735,2025-01-05,T2M,26.53
736,2025-01-06,T2M,27.0
737,2025-01-07,T2M,26.01
738,2025-01-08,T2M,26.73
739,2025-01-09,T2M,26.35
740,2025-01-10,T2M,27.68
741,2025-01-11,T2M,26.16
742,2025-01-12,T2M,27.33
743,2025-01-13,T2M,27.8
744,2025-01-14,T2M,26.16
745,2025-01-15,T2M,27.71
746,2025-01-16,T2M,26.35
747,2025-01-17,T2M,26.19
748,2025-01-18,T2M,25.87
749,2025-01-19,T2M,27.19
750,2025-01-20,T2M,27.43
751,2025-01-21,T2M,27.04
752,2025-01-22,T2M,27.08
753,2025-01-23,T2M,26.98
754,2025-01-24,T2M,27.53
755,2025-01-25,T2M,28.19
756,2025-01-26,T2M,28.37
757,2025-01-27,T2M,28.29
758,2025-01-28,T2M,28.03
759,2025-01-29,T2M,27.34
760,2025-01-30,T2M,28.12
761,2025-01-31,T2M,28.16
762,2025-02-01,T2M,28.32
763,2025-02-02,T2M,29.03
764,2025-02-03,T2M,28.15
765,2025-02-04,T2M,28.4
766,2025-02-05,T2M,28.53
767,2025-02-06,T2M,27.85
768,2025-02-07,T2M,26.4
769,2025-02-08,T2M,26.65
770,2025-02-09,T2M,27.46
771,2025-02-10,T2M,26.28
772,2025-02-11,T2M,25.63
773,2025-02-12,T2M,26.35
774,2025-02-13,T2M,26.56
775,2025-02-14,T2M,26.63
776,2025-02-15,T2M,26.66
777,2025-02-16,T2M,26.25
778,2025-02-17,T2M,25.39
779,2025-02-18,T2M,25.65
780,2025-02-19,T2M,26.09
781,2025-02-20,T2M,26.65
782,2025-02-21,T2M,26.67
783,2025-02-22,T2M,25.7
784,2025-02-23,T2M,26.14
785,2025-02-24,T2M,25.78
786,2025-02-25,T2M,26.3
787,2025-02-26,T2M,26.91
788,2025-02-27,T2M,26.53
789,2025-02-28,T2M,25.85
790,2025-03-01,T2M,25.86
791,2025-03-02,T2M,25.6
792,2025-03-03,T2M,25.79
793,2025-03-04,T2M,26.26
794,2025-03-05,T2M,26.21
795,2025-03-06,T2M,25.86
796,2025-03-07,T2M,27.21
797,2025-03-08,T2M,26.21
798,2025-03-09,T2M,27.02
799,2025-03-10,T2M,26.6
800,2025-03-11,T2M,25.66
801,2025-03-12,T2M,25.87
802,2025-03-13,T2M,25.4
803,2025-03-14,T2M,25.93
804,2025-03-15,T2M,25.87
805,2025-03-16,T2M,26.64
806,2025-03-17,T2M,26.35
807,2025-03-18,T2M,26.1
808,2025-03-19,T2M,25.97
809,2025-03-20,T2M,26.08
810,2025-03-21,T2M,26.77
811,2025-03-22,T2M,26.28
812,2025-03-23,T2M,26.54
813,2025-03-24,T2M,27.14
814,2025-03-25,T2M,26.97
815,2025-03-26,T2M,26.1
816,2025-03-27,T2M,26.34
817,2025-03-28,T2M,25.98
818,2025-03-29,T2M,26.36
819,2025-03-30,T2M,25.75
820,2025-03-31,T2M,26.54
821,2025-04-01,T2M,25.51
822,2025-04-02,T2M,25.82
823,2025-04-03,T2M,26.23
824,2025-04-04,T2M,26.49
825,2025-04-05,T2M,26.26
826,2025-04-06,T2M,25.98
827,2025-04-07,T2M,26.55
828,2025-04-08,T2M,25.51
829,2025-04-09,T2M,25.5
830,2025-04-10,T2M,24.26
831,2025-04-11,T2M,24.86
832,2025-04-12,T2M,25.26
833,2025-04-13,T2M,24.74
834,2025-04-14,T2M,25.68
835,2025-04-15,T2M,26.0
836,2025-04-16,T2M,25.78
837,2025-04-17,T2M,25.95
838,2025-04-18,T2M,25.53
839,2025-04-19,T2M,26.03
840,2025-04-20,T2M,25.38
841,2025-04-21,T2M,25.73
842,2025-04-22,T2M,25.52
843,2025-04-23,T2M,25.46
844,2025-04-24,T2M,24.79
845,2025-04-25,T2M,25.2
846,2025-04-26,T2M,23.99
847,2025-04-27,T2M,25.27
848,2025-04-28,T2M,25.6
849,2025-04-29,T2M,25.43
850,2025-04-30,T2M,25.25
851,2023-01-01,PRECTOTCORR,0.22
852,2023-01-02,PRECTOTCORR,0.53
853,2023-01-03,PRECTOTCORR,0.17
854,2023-01-04,PRECTOTCORR,0.0
855,2023-01-05,PRECTOTCORR,0.0
856,2023-01-06,PRECTOTCORR,0.01
857,2023-01-07,PRECTOTCORR,0.02
858,2023-01-08,PRECTOTCORR,0.18
859,2023-01-09,PRECTOTCORR,4.02
860,2023-01-10,PRECTOTCORR,3.79
861,2023-01-11,PRECTOTCORR,0.87
862,2023-01-12,PRECTOTCORR,1.06
863,2023-01-13,PRECTOTCORR,0.52
864,2023-01-14,PRECTOTCORR,4.95
865,2023-01-15,PRECTOTCORR,1.23
866,2023-01-16,PRECTOTCORR,0.28
867,2023-01-17,PRECTOTCORR,0.05
868,2023-01-18,PRECTOTCORR,1.84
869,2023-01-19,PRECTOTCORR,2.41
870,2023-01-20,PRECTOTCORR,0.32
871,2023-01-21,PRECTOTCORR,0.49
872,2023-01-22,PRECTOTCORR,0.37
873,2023-01-23,PRECTOTCORR,0.01
874,2023-01-24,PRECTOTCORR,0.29
875,2023-01-25,PRECTOTCORR,5.43
876,2023-01-26,PRECTOTCORR,6.61
877,2023-01-27,PRECTOTCORR,5.08
878,2023-01-28,PRECTOTCORR,0.41
879,2023-01-29,PRECTOTCORR,4.07
880,2023-01-30,PRECTOTCORR,5.28
881,2023-01-31,PRECTOTCORR,0.37
882,2023-02-01,PRECTOTCORR,1.07
883,2023-02-02,PRECTOTCORR,1.91
884,2023-02-03,PRECTOTCORR,1.22
885,2023-02-04,PRECTOTCORR,0.62
886,2023-02-05,PRECTOTCORR,0.41
887,2023-02-06,PRECTOTCORR,1.6
888,2023-02-07,PRECTOTCORR,1.41
889,2023-02-08,PRECTOTCORR,2.57
890,2023-02-09,PRECTOTCORR,47.71
891,2023-02-10,PRECTOTCORR,20.35
892,2023-02-11,PRECTOTCORR,5.74
893,2023-02-12,PRECTOTCORR,5.6
894,2023-02-13,PRECTOTCORR,18.34
895,2023-02-14,PRECTOTCORR,8.14
896,2023-02-15,PRECTOTCORR,7.2
897,2023-02-16,PRECTOTCORR,6.71
898,2023-02-17,PRECTOTCORR,1.55
899,2023-02-18,PRECTOTCORR,2.01
900,2023-02-19,PRECTOTCORR,7.24
901,2023-02-20,PRECTOTCORR,34.84
902,2023-02-21,PRECTOTCORR,42.98
903,2023-02-22,PRECTOTCORR,9.35
904,2023-02-23,PRECTOTCORR,7.75
905,2023-02-24,PRECTOTCORR,6.47
906,2023-02-25,PRECTOTCORR,14.35
907,2023-02-26,PRECTOTCORR,7.54
908,2023-02-27,PRECTOTCORR,4.58
909,2023-02-28,PRECTOTCORR,1.72
910,2023-03-01,PRECTOTCORR,0.5
911,2023-03-02,PRECTOTCORR,2.72
912,2023-03-03,PRECTOTCORR,2.83
913,2023-03-04,PRECTOTCORR,2.65
914,2023-03-05,PRECTOTCORR,20.47
915,2023-03-06,PRECTOTCORR,21.61
916,2023-03-07,PRECTOTCORR,10.48
917,2023-03-08,PRECTOTCORR,31.58
918,2023-03-09,PRECTOTCORR,30.72
919,2023-03-10,PRECTOTCORR,4.35
920,2023-03-11,PRECTOTCORR,9.51
921,2023-03-12,PRECTOTCORR,4.27
922,2023-03-13,PRECTOTCORR,5.63
923,2023-03-14,PRECTOTCORR,14.99
924,2023-03-15,PRECTOTCORR,1.34
925,2023-03-16,PRECTOTCORR,3.56
926,2023-03-17,PRECTOTCORR,2.35
927,2023-03-18,PRECTOTCORR,0.4
928,2023-03-19,PRECTOTCORR,0.06
929,2023-03-20,PRECTOTCORR,0.15
930,2023-03-21,PRECTOTCORR,2.41
931,2023-03-22,PRECTOTCORR,9.95
932,2023-03-23,PRECTOTCORR,28.82
933,2023-03-24,PRECTOTCORR,13.68
934,2023-03-25,PRECTOTCORR,1.41
935,2023-03-26,PRECTOTCORR,15.9
936,2023-03-27,PRECTOTCORR,15.81
937,2023-03-28,PRECTOTCORR,3.12
938,2023-03-29,PRECTOTCORR,3.59
939,2023-03-30,PRECTOTCORR,8.76
940,2023-03-31,PRECTOTCORR,19.74
941,2023-04-01,PRECTOTCORR,2.19
942,2023-04-02,PRECTOTCORR,2.63
943,2023-04-03,PRECTOTCORR,21.22
944,2023-04-04,PRECTOTCORR,27.54
945,2023-04-05,PRECTOTCORR,34.84
946,2023-04-06,PRECTOTCORR,15.64
947,2023-04-07,PRECTOTCORR,1.46
948,2023-04-08,PRECTOTCORR,2.78
949,2023-04-09,PRECTOTCORR,2.28
950,2023-04-10,PRECTOTCORR,2.3
951,2023-04-11,PRECTOTCORR,9.47
952,2023-04-12,PRECTOTCORR,16.34
953,2023-04-13,PRECTOTCORR,4.04
954,2023-04-14,PRECTOTCORR,3.6
955,2023-04-15,PRECTOTCORR,32.86
956,2023-04-16,PRECTOTCORR,49.46
957,2023-04-17,PRECTOTCORR,24.89
958,2023-04-18,PRECTOTCORR,0.05
959,2023-04-19,PRECTOTCORR,1.18
960,2023-04-20,PRECTOTCORR,6.1
961,2023-04-21,PRECTOTCORR,4.1
962,2023-04-22,PRECTOTCORR,6.7
963,2023-04-23,PRECTOTCORR,11.79
964,2023-04-24,PRECTOTCORR,0.41
965,2023-04-25,PRECTOTCORR,3.28
966,2023-04-26,PRECTOTCORR,4.09
967,2023-04-27,PRECTOTCORR,19.51
968,2023-04-28,PRECTOTCORR,35.59
969,2023-04-29,PRECTOTCORR,6.4
970,2023-04-30,PRECTOTCORR,14.76
971,2023-05-01,PRECTOTCORR,3.82
972,2023-05-02,PRECTOTCORR,5.67
973,2023-05-03,PRECTOTCORR,4.86
974,2023-05-04,PRECTOTCORR,0.24
975,2023-05-05,PRECTOTCORR,0.01
976,2023-05-06,PRECTOTCORR,0.12
977,2023-05-07,PRECTOTCORR,0.79
978,2023-05-08,PRECTOTCORR,0.73
979,2023-05-09,PRECTOTCORR,1.7
980,2023-05-10,PRECTOTCORR,1.81
981,2023-05-11,PRECTOTCORR,2.46
982,2023-05-12,PRECTOTCORR,0.65
983,2023-05-13,PRECTOTCORR,1.04
984,2023-05-14,PRECTOTCORR,0.5
985,2023-05-15,PRECTOTCORR,0.25
986,2023-05-16,PRECTOTCORR,2.02
987,2023-05-17,PRECTOTCORR,1.87
988,2023-05-18,PRECTOTCORR,1.79
989,2023-05-19,PRECTOTCORR,6.14
990,2023-05-20,PRECTOTCORR,2.35
991,2023-05-21,PRECTOTCORR,4.42
992,2023-05-22,PRECTOTCORR,8.34
993,2023-05-23,PRECTOTCORR,8.45
994,2023-05-24,PRECTOTCORR,0.76
995,2023-05-25,PRECTOTCORR,0.37
996,2023-05-26,PRECTOTCORR,0.38
997,2023-05-27,PRECTOTCORR,0.71
998,2023-05-28,PRECTOTCORR,0.73
999,2023-05-29,PRECTOTCORR,1.29
1000,2023-05-30,PRECTOTCORR,1.12
1001,2023-05-31,PRECTOTCORR,0.62
1002,2023-06-01,PRECTOTCORR,0.72
1003,2023-06-02,PRECTOTCORR,1.29
1004,2023-06-03,PRECTOTCORR,0.65
1005,2023-06-04,PRECTOTCORR,1.26
1006,2023-06-05,PRECTOTCORR,3.12
1007,2023-06-06,PRECTOTCORR,8.32
1008,2023-06-07,PRECTOTCORR,4.07
1009,2023-06-08,PRECTOTCORR,2.36
1010,2023-06-09,PRECTOTCORR,4.5
1011,2023-06-10,PRECTOTCORR,2.49
1012,2023-06-11,PRECTOTCORR,0.81
1013,2023-06-12,PRECTOTCORR,0.27
1014,2023-06-13,PRECTOTCORR,5.07
1015,2023-06-14,PRECTOTCORR,1.44
1016,2023-06-15,PRECTOTCORR,0.09
1017,2023-06-16,PRECTOTCORR,0.04
1018,2023-06-17,PRECTOTCORR,0.09
1019,2023-06-18,PRECTOTCORR,0.16
1020,2023-06-19,PRECTOTCORR,0.08
1021,2023-06-20,PRECTOTCORR,0.22
1022,2023-06-21,PRECTOTCORR,0.09
1023,2023-06-22,PRECTOTCORR,0.03
1024,2023-06-23,PRECTOTCORR,0.08
1025,2023-06-24,PRECTOTCORR,0.25
1026,2023-06-25,PRECTOTCORR,0.43
1027,2023-06-26,PRECTOTCORR,0.13
1028,2023-06-27,PRECTOTCORR,4.7
1029,2023-06-28,PRECTOTCORR,3.47
1030,2023-06-29,PRECTOTCORR,0.26
1031,2023-06-30,PRECTOTCORR,0.21
1032,2023-07-01,PRECTOTCORR,0.02
1033,2023-07-02,PRECTOTCORR,1.87
1034,2023-07-03,PRECTOTCORR,7.39
1035,2023-07-04,PRECTOTCORR,0.95
1036,2023-07-05,PRECTOTCORR,2.29
1037,2023-07-06,PRECTOTCORR,2.19
1038,2023-07-07,PRECTOTCORR,24.72
1039,2023-07-08,PRECTOTCORR,8.16
1040,2023-07-09,PRECTOTCORR,1.5
1041,2023-07-10,PRECTOTCORR,0.62
1042,2023-07-11,PRECTOTCORR,0.09
1043,2023-07-12,PRECTOTCORR,0.0
1044,2023-07-13,PRECTOTCORR,0.03
1045,2023-07-14,PRECTOTCORR,0.15
1046,2023-07-15,PRECTOTCORR,0.21
1047,2023-07-16,PRECTOTCORR,0.35
1048,2023-07-17,PRECTOTCORR,0.21
1049,2023-07-18,PRECTOTCORR,0.03
1050,2023-07-19,PRECTOTCORR,1.04
1051,2023-07-20,PRECTOTCORR,0.47
1052,2023-07-21,PRECTOTCORR,0.1
1053,2023-07-22,PRECTOTCORR,0.0
1054,2023-07-23,PRECTOTCORR,0.04
1055,2023-07-24,PRECTOTCORR,0.84
1056,2023-07-25,PRECTOTCORR,0.46
1057,2023-07-26,PRECTOTCORR,0.04
1058,2023-07-27,PRECTOTCORR,0.08
1059,2023-07-28,PRECTOTCORR,0.01
1060,2023-07-29,PRECTOTCORR,0.05
1061,2023-07-30,PRECTOTCORR,0.01
1062,2023-07-31,PRECTOTCORR,0.04
1063,2023-08-01,PRECTOTCORR,0.0
1064,2023-08-02,PRECTOTCORR,0.0
1065,2023-08-03,PRECTOTCORR,0.0
1066,2023-08-04,PRECTOTCORR,2.82
1067,2023-08-05,PRECTOTCORR,1.05
1068,2023-08-06,PRECTOTCORR,0.02
1069,2023-08-07,PRECTOTCORR,0.0
1070,2023-08-08,PRECTOTCORR,0.12
1071,2023-08-09,PRECTOTCORR,0.1
1072,2023-08-10,PRECTOTCORR,0.01
1073,2023-08-11,PRECTOTCORR,0.06
1074,2023-08-12,PRECTOTCORR,0.15
1075,2023-08-13,PRECTOTCORR,0.71
1076,2023-08-14,PRECTOTCORR,0.76
1077,2023-08-15,PRECTOTCORR,0.36
1078,2023-08-16,PRECTOTCORR,0.1
1079,2023-08-17,PRECTOTCORR,0.05
1080,2023-08-18,PRECTOTCORR,0.0
1081,2023-08-19,PRECTOTCORR,0.63
1082,2023-08-20,PRECTOTCORR,1.27
1083,2023-08-21,PRECTOTCORR,0.6
1084,2023-08-22,PRECTOTCORR,0.99
1085,2023-08-23,PRECTOTCORR,0.45
1086,2023-08-24,PRECTOTCORR,0.07
1087,2023-08-25,PRECTOTCORR,0.11
1088,2023-08-26,PRECTOTCORR,0.0
1089,2023-08-27,PRECTOTCORR,0.55
1090,2023-08-28,PRECTOTCORR,0.35
1091,2023-08-29,PRECTOTCORR,0.01
1092,2023-08-30,PRECTOTCORR,0.01
1093,2023-08-31,PRECTOTCORR,0.02
1094,2023-09-01,PRECTOTCORR,0.0
1095,2023-09-02,PRECTOTCORR,0.07
1096,2023-09-03,PRECTOTCORR,0.28
1097,2023-09-04,PRECTOTCORR,0.09
1098,2023-09-05,PRECTOTCORR,0.07
1099,2023-09-06,PRECTOTCORR,0.03
1100,2023-09-07,PRECTOTCORR,0.0
1101,2023-09-08,PRECTOTCORR,0.0
1102,2023-09-09,PRECTOTCORR,0.02
1103,2023-09-10,PRECTOTCORR,0.27
1104,2023-09-11,PRECTOTCORR,0.04
1105,2023-09-12,PRECTOTCORR,0.06
1106,2023-09-13,PRECTOTCORR,0.03
1107,2023-09-14,PRECTOTCORR,0.05
1108,2023-09-15,PRECTOTCORR,0.02
1109,2023-09-16,PRECTOTCORR,0.0
1110,2023-09-17,PRECTOTCORR,0.0
1111,2023-09-18,PRECTOTCORR,0.0
1112,2023-09-19,PRECTOTCORR,0.02
1113,2023-09-20,PRECTOTCORR,0.0
1114,2023-09-21,PRECTOTCORR,0.0
1115,2023-09-22,PRECTOTCORR,0.0
1116,2023-09-23,PRECTOTCORR,0.0
1117,2023-09-24,PRECTOTCORR,0.09
1118,2023-09-25,PRECTOTCORR,0.02
1119,2023-09-26,PRECTOTCORR,0.0
1120,2023-09-27,PRECTOTCORR,0.0
1121,2023-09-28,PRECTOTCORR,0.42
1122,2023-09-29,PRECTOTCORR,0.3
1123,2023-09-30,PRECTOTCORR,0.13
1124,2023-10-01,PRECTOTCORR,0.09
1125,2023-10-02,PRECTOTCORR,0.05
1126,2023-10-03,PRECTOTCORR,0.01
1127,2023-10-04,PRECTOTCORR,0.07
1128,2023-10-05,PRECTOTCORR,0.02
1129,2023-10-06,PRECTOTCORR,0.05
1130,2023-10-07,PRECTOTCORR,0.09
1131,2023-10-08,PRECTOTCORR,0.05
1132,2023-10-09,PRECTOTCORR,0.27
1133,2023-10-10,PRECTOTCORR,0.34
1134,2023-10-11,PRECTOTCORR,0.14
1135,2023-10-12,PRECTOTCORR,0.11
1136,2023-10-13,PRECTOTCORR,0.08
1137,2023-10-14,PRECTOTCORR,0.93
1138,2023-10-15,PRECTOTCORR,0.82
1139,2023-10-16,PRECTOTCORR,0.36
1140,2023-10-17,PRECTOTCORR,0.14
1141,2023-10-18,PRECTOTCORR,0.01
1142,2023-10-19,PRECTOTCORR,0.31
1143,2023-10-20,PRECTOTCORR,0.39
1144,2023-10-21,PRECTOTCORR,0.13
1145,2023-10-22,PRECTOTCORR,0.03
1146,2023-10-23,PRECTOTCORR,0.03
1147,2023-10-24,PRECTOTCORR,0.51
1148,2023-10-25,PRECTOTCORR,0.34
1149,2023-10-26,PRECTOTCORR,0.24
1150,2023-10-27,PRECTOTCORR,0.49
1151,2023-10-28,PRECTOTCORR,4.22
1152,2023-10-29,PRECTOTCORR,5.8
1153,2023-10-30,PRECTOTCORR,0.54
1154,2023-10-31,PRECTOTCORR,0.37
1155,2023-11-01,PRECTOTCORR,0.02
1156,2023-11-02,PRECTOTCORR,0.06
1157,2023-11-03,PRECTOTCORR,0.18
1158,2023-11-04,PRECTOTCORR,0.17
1159,2023-11-05,PRECTOTCORR,0.4
1160,2023-11-06,PRECTOTCORR,0.15
1161,2023-11-07,PRECTOTCORR,0.04
1162,2023-11-08,PRECTOTCORR,0.12
1163,2023-11-09,PRECTOTCORR,0.03
1164,2023-11-10,PRECTOTCORR,0.0
1165,2023-11-11,PRECTOTCORR,0.01
1166,2023-11-12,PRECTOTCORR,0.12
1167,2023-11-13,PRECTOTCORR,0.12
1168,2023-11-14,PRECTOTCORR,0.09
1169,2023-11-15,PRECTOTCORR,0.57
1170,2023-11-16,PRECTOTCORR,0.23
1171,2023-11-17,PRECTOTCORR,0.01
1172,2023-11-18,PRECTOTCORR,0.14
1173,2023-11-19,PRECTOTCORR,0.43
1174,2023-11-20,PRECTOTCORR,0.03
1175,2023-11-21,PRECTOTCORR,0.05
1176,2023-11-22,PRECTOTCORR,0.58
1177,2023-11-23,PRECTOTCORR,0.97
1178,2023-11-24,PRECTOTCORR,0.65
1179,2023-11-25,PRECTOTCORR,1.03
1180,2023-11-26,PRECTOTCORR,0.48
1181,2023-11-27,PRECTOTCORR,0.06
1182,2023-11-28,PRECTOTCORR,0.0
1183,2023-11-29,PRECTOTCORR,0.17
1184,2023-11-30,PRECTOTCORR,0.09
1185,2023-12-01,PRECTOTCORR,0.0
1186,2023-12-02,PRECTOTCORR,0.0
1187,2023-12-03,PRECTOTCORR,0.05
1188,2023-12-04,PRECTOTCORR,0.08
1189,2023-12-05,PRECTOTCORR,2.93
1190,2023-12-06,PRECTOTCORR,11.18
1191,2023-12-07,PRECTOTCORR,9.75
1192,2023-12-08,PRECTOTCORR,0.03
1193,2023-12-09,PRECTOTCORR,0.0
1194,2023-12-10,PRECTOTCORR,1.61
1195,2023-12-11,PRECTOTCORR,2.35
1196,2023-12-12,PRECTOTCORR,0.59
1197,2023-12-13,PRECTOTCORR,0.16
1198,2023-12-14,PRECTOTCORR,0.49
1199,2023-12-15,PRECTOTCORR,2.97
1200,2023-12-16,PRECTOTCORR,1.22
1201,2023-12-17,PRECTOTCORR,1.35
1202,2023-12-18,PRECTOTCORR,0.95
1203,2023-12-19,PRECTOTCORR,0.39
1204,2023-12-20,PRECTOTCORR,0.13
1205,2023-12-21,PRECTOTCORR,0.03
1206,2023-12-22,PRECTOTCORR,0.04
1207,2023-12-23,PRECTOTCORR,0.85
1208,2023-12-24,PRECTOTCORR,0.24
1209,2023-12-25,PRECTOTCORR,1.35
1210,2023-12-26,PRECTOTCORR,4.01
1211,2023-12-27,PRECTOTCORR,10.85
1212,2023-12-28,PRECTOTCORR,6.54
1213,2023-12-29,PRECTOTCORR,2.22
1214,2023-12-30,PRECTOTCORR,1.37
1215,2023-12-31,PRECTOTCORR,1.01
1216,2024-01-01,PRECTOTCORR,0.73
1217,2024-01-02,PRECTOTCORR,0.68
1218,2024-01-03,PRECTOTCORR,1.4
1219,2024-01-04,PRECTOTCORR,0.63
1220,2024-01-05,PRECTOTCORR,0.36
1221,2024-01-06,PRECTOTCORR,0.07
1222,2024-01-07,PRECTOTCORR,0.1
1223,2024-01-08,PRECTOTCORR,0.7
1224,2024-01-09,PRECTOTCORR,0.87
1225,2024-01-10,PRECTOTCORR,30.39
1226,2024-01-11,PRECTOTCORR,21.09
1227,2024-01-12,PRECTOTCORR,5.44
1228,2024-01-13,PRECTOTCORR,5.62
1229,2024-01-14,PRECTOTCORR,1.57
1230,2024-01-15,PRECTOTCORR,1.72
1231,2024-01-16,PRECTOTCORR,0.23
1232,2024-01-17,PRECTOTCORR,0.02
1233,2024-01-18,PRECTOTCORR,3.3
1234,2024-01-19,PRECTOTCORR,2.89
1235,2024-01-20,PRECTOTCORR,2.53
1236,2024-01-21,PRECTOTCORR,5.85
1237,2024-01-22,PRECTOTCORR,1.75
1238,2024-01-23,PRECTOTCORR,0.11
1239,2024-01-24,PRECTOTCORR,0.25
1240,2024-01-25,PRECTOTCORR,0.26
1241,2024-01-26,PRECTOTCORR,0.48
1242,2024-01-27,PRECTOTCORR,4.26
1243,2024-01-28,PRECTOTCORR,2.51
1244,2024-01-29,PRECTOTCORR,0.37
1245,2024-01-30,PRECTOTCORR,2.99
1246,2024-01-31,PRECTOTCORR,2.92
1247,2024-02-01,PRECTOTCORR,1.53
1248,2024-02-02,PRECTOTCORR,6.48
1249,2024-02-03,PRECTOTCORR,14.75
1250,2024-02-04,PRECTOTCORR,6.14
1251,2024-02-05,PRECTOTCORR,9.19
1252,2024-02-06,PRECTOTCORR,5.84
1253,2024-02-07,PRECTOTCORR,1.85
1254,2024-02-08,PRECTOTCORR,17.92
1255,2024-02-09,PRECTOTCORR,20.16
1256,2024-02-10,PRECTOTCORR,15.27
1257,2024-02-11,PRECTOTCORR,15.77
1258,2024-02-12,PRECTOTCORR,23.61
1259,2024-02-13,PRECTOTCORR,2.14
1260,2024-02-14,PRECTOTCORR,0.02
1261,2024-02-15,PRECTOTCORR,7.03
1262,2024-02-16,PRECTOTCORR,3.75
1263,2024-02-17,PRECTOTCORR,3.75
1264,2024-02-18,PRECTOTCORR,10.82
1265,2024-02-19,PRECTOTCORR,30.72
1266,2024-02-20,PRECTOTCORR,52.67
1267,2024-02-21,PRECTOTCORR,11.76
1268,2024-02-22,PRECTOTCORR,0.09
1269,2024-02-23,PRECTOTCORR,0.05
1270,2024-02-24,PRECTOTCORR,0.03
1271,2024-02-25,PRECTOTCORR,3.06
1272,2024-02-26,PRECTOTCORR,8.95
1273,2024-02-27,PRECTOTCORR,6.59
1274,2024-02-28,PRECTOTCORR,35.71
1275,2024-02-29,PRECTOTCORR,28.41
1276,2024-03-01,PRECTOTCORR,7.69
1277,2024-03-02,PRECTOTCORR,2.6
1278,2024-03-03,PRECTOTCORR,8.2
1279,2024-03-04,PRECTOTCORR,4.72
1280,2024-03-05,PRECTOTCORR,5.42
1281,2024-03-06,PRECTOTCORR,1.86
1282,2024-03-07,PRECTOTCORR,1.12
1283,2024-03-08,PRECTOTCORR,0.88
1284,2024-03-09,PRECTOTCORR,0.33
1285,2024-03-10,PRECTOTCORR,0.14
1286,2024-03-11,PRECTOTCORR,0.27
1287,2024-03-12,PRECTOTCORR,0.14
1288,2024-03-13,PRECTOTCORR,0.14
1289,2024-03-14,PRECTOTCORR,0.23
1290,2024-03-15,PRECTOTCORR,1.04
1291,2024-03-16,PRECTOTCORR,0.25
1292,2024-03-17,PRECTOTCORR,0.21
1293,2024-03-18,PRECTOTCORR,0.12
1294,2024-03-19,PRECTOTCORR,0.5
1295,2024-03-20,PRECTOTCORR,4.46
1296,2024-03-21,PRECTOTCORR,2.72
1297,2024-03-22,PRECTOTCORR,0.32
1298,2024-03-23,PRECTOTCORR,0.05
1299,2024-03-24,PRECTOTCORR,0.46
1300,2024-03-25,PRECTOTCORR,0.2
1301,2024-03-26,PRECTOTCORR,0.04
1302,2024-03-27,PRECTOTCORR,0.01
1303,2024-03-28,PRECTOTCORR,0.18
1304,2024-03-29,PRECTOTCORR,0.1
1305,2024-03-30,PRECTOTCORR,0.0
1306,2024-03-31,PRECTOTCORR,0.47
1307,2024-04-01,PRECTOTCORR,1.12
1308,2024-04-02,PRECTOTCORR,1.37
1309,2024-04-03,PRECTOTCORR,1.07
1310,2024-04-04,PRECTOTCORR,0.7
1311,2024-04-05,PRECTOTCORR,0.14
1312,2024-04-06,PRECTOTCORR,0.36
1313,2024-04-07,PRECTOTCORR,0.25
1314,2024-04-08,PRECTOTCORR,0.08
1315,2024-04-09,PRECTOTCORR,0.06
1316,2024-04-10,PRECTOTCORR,0.03
1317,2024-04-11,PRECTOTCORR,0.0
1318,2024-04-12,PRECTOTCORR,0.01
1319,2024-04-13,PRECTOTCORR,0.16
1320,2024-04-14,PRECTOTCORR,0.11
1321,2024-04-15,PRECTOTCORR,1.91
1322,2024-04-16,PRECTOTCORR,2.55
1323,2024-04-17,PRECTOTCORR,0.16
1324,2024-04-18,PRECTOTCORR,0.3
1325,2024-04-19,PRECTOTCORR,2.84
1326,2024-04-20,PRECTOTCORR,1.04
1327,2024-04-21,PRECTOTCORR,4.71
1328,2024-04-22,PRECTOTCORR,2.88
1329,2024-04-23,PRECTOTCORR,0.42
1330,2024-04-24,PRECTOTCORR,6.92
1331,2024-04-25,PRECTOTCORR,5.97
1332,2024-04-26,PRECTOTCORR,0.27
1333,2024-04-27,PRECTOTCORR,1.36
1334,2024-04-28,PRECTOTCORR,1.77
1335,2024-04-29,PRECTOTCORR,1.3
1336,2024-04-30,PRECTOTCORR,0.1
1337,2024-05-01,PRECTOTCORR,0.0
1338,2024-05-02,PRECTOTCORR,0.01
1339,2024-05-03,PRECTOTCORR,1.09
1340,2024-05-04,PRECTOTCORR,1.83
1341,2024-05-05,PRECTOTCORR,2.2
1342,2024-05-06,PRECTOTCORR,1.78
1343,2024-05-07,PRECTOTCORR,1.33
1344,2024-05-08,PRECTOTCORR,1.9
1345,2024-05-09,PRECTOTCORR,0.82
1346,2024-05-10,PRECTOTCORR,0.0
1347,2024-05-11,PRECTOTCORR,0.91
1348,2024-05-12,PRECTOTCORR,1.12
1349,2024-05-13,PRECTOTCORR,0.48
1350,2024-05-14,PRECTOTCORR,1.3
1351,2024-05-15,PRECTOTCORR,2.45
1352,2024-05-16,PRECTOTCORR,0.44
1353,2024-05-17,PRECTOTCORR,0.24
1354,2024-05-18,PRECTOTCORR,0.11
1355,2024-05-19,PRECTOTCORR,0.04
1356,2024-05-20,PRECTOTCORR,0.4
1357,2024-05-21,PRECTOTCORR,0.18
1358,2024-05-22,PRECTOTCORR,0.23
1359,2024-05-23,PRECTOTCORR,0.08
1360,2024-05-24,PRECTOTCORR,0.58
1361,2024-05-25,PRECTOTCORR,0.6
1362,2024-05-26,PRECTOTCORR,0.54
1363,2024-05-27,PRECTOTCORR,0.74
1364,2024-05-28,PRECTOTCORR,5.89
1365,2024-05-29,PRECTOTCORR,2.93
1366,2024-05-30,PRECTOTCORR,0.07
1367,2024-05-31,PRECTOTCORR,0.0
1368,2024-06-01,PRECTOTCORR,0.02
1369,2024-06-02,PRECTOTCORR,0.24
1370,2024-06-03,PRECTOTCORR,0.03
1371,2024-06-04,PRECTOTCORR,0.01
1372,2024-06-05,PRECTOTCORR,0.04
1373,2024-06-06,PRECTOTCORR,0.01
1374,2024-06-07,PRECTOTCORR,0.0
1375,2024-06-08,PRECTOTCORR,0.05
1376,2024-06-09,PRECTOTCORR,0.15
1377,2024-06-10,PRECTOTCORR,0.27
1378,2024-06-11,PRECTOTCORR,0.01
1379,2024-06-12,PRECTOTCORR,0.12
1380,2024-06-13,PRECTOTCORR,0.11
1381,2024-06-14,PRECTOTCORR,0.51
1382,2024-06-15,PRECTOTCORR,1.24
1383,2024-06-16,PRECTOTCORR,2.27
1384,2024-06-17,PRECTOTCORR,2.22
1385,2024-06-18,PRECTOTCORR,0.16
1386,2024-06-19,PRECTOTCORR,0.13
1387,2024-06-20,PRECTOTCORR,0.71
1388,2024-06-21,PRECTOTCORR,0.09
1389,2024-06-22,PRECTOTCORR,0.01
1390,2024-06-23,PRECTOTCORR,0.09
1391,2024-06-24,PRECTOTCORR,2.77
1392,2024-06-25,PRECTOTCORR,5.67
1393,2024-06-26,PRECTOTCORR,1.18
1394,2024-06-27,PRECTOTCORR,0.66
1395,2024-06-28,PRECTOTCORR,0.02
1396,2024-06-29,PRECTOTCORR,2.19
1397,2024-06-30,PRECTOTCORR,3.39
1398,2024-07-01,PRECTOTCORR,0.68
1399,2024-07-02,PRECTOTCORR,0.33
1400,2024-07-03,PRECTOTCORR,0.43
1401,2024-07-04,PRECTOTCORR,0.12
1402,2024-07-05,PRECTOTCORR,0.11
1403,2024-07-06,PRECTOTCORR,0.1
1404,2024-07-07,PRECTOTCORR,0.03
1405,2024-07-08,PRECTOTCORR,0.07
1406,2024-07-09,PRECTOTCORR,0.08
1407,2024-07-10,PRECTOTCORR,0.05
1408,2024-07-11,PRECTOTCORR,0.0
1409,2024-07-12,PRECTOTCORR,0.5
1410,2024-07-13,PRECTOTCORR,0.58
1411,2024-07-14,PRECTOTCORR,0.57
1412,2024-07-15,PRECTOTCORR,0.37
1413,2024-07-16,PRECTOTCORR,0.0
1414,2024-07-17,PRECTOTCORR,0.0
1415,2024-07-18,PRECTOTCORR,0.03
1416,2024-07-19,PRECTOTCORR,0.02
1417,2024-07-20,PRECTOTCORR,0.11
1418,2024-07-21,PRECTOTCORR,0.08
1419,2024-07-22,PRECTOTCORR,0.17
1420,2024-07-23,PRECTOTCORR,0.02
1421,2024-07-24,PRECTOTCORR,0.01
1422,2024-07-25,PRECTOTCORR,0.01
1423,2024-07-26,PRECTOTCORR,0.03
1424,2024-07-27,PRECTOTCORR,0.04
1425,2024-07-28,PRECTOTCORR,0.01
1426,2024-07-29,PRECTOTCORR,0.0
1427,2024-07-30,PRECTOTCORR,0.02
1428,2024-07-31,PRECTOTCORR,0.06
1429,2024-08-01,PRECTOTCORR,0.05
1430,2024-08-02,PRECTOTCORR,0.01
1431,2024-08-03,PRECTOTCORR,0.03
1432,2024-08-04,PRECTOTCORR,0.04
1433,2024-08-05,PRECTOTCORR,0.35
1434,2024-08-06,PRECTOTCORR,0.05
1435,2024-08-07,PRECTOTCORR,0.01
1436,2024-08-08,PRECTOTCORR,0.04
1437,2024-08-09,PRECTOTCORR,0.32
1438,2024-08-10,PRECTOTCORR,0.16
1439,2024-08-11,PRECTOTCORR,0.11
1440,2024-08-12,PRECTOTCORR,0.01
1441,2024-08-13,PRECTOTCORR,0.0
1442,2024-08-14,PRECTOTCORR,0.01
1443,2024-08-15,PRECTOTCORR,0.02
1444,2024-08-16,PRECTOTCORR,0.0
1445,2024-08-17,PRECTOTCORR,0.06
1446,2024-08-18,PRECTOTCORR,0.06
1447,2024-08-19,PRECTOTCORR,0.04
1448,2024-08-20,PRECTOTCORR,0.11
1449,2024-08-21,PRECTOTCORR,0.01
1450,2024-08-22,PRECTOTCORR,0.0
1451,2024-08-23,PRECTOTCORR,0.23
1452,2024-08-24,PRECTOTCORR,0.04
1453,2024-08-25,PRECTOTCORR,0.83
1454,2024-08-26,PRECTOTCORR,0.22
1455,2024-08-27,PRECTOTCORR,0.0
1456,2024-08-28,PRECTOTCORR,0.0
1457,2024-08-29,PRECTOTCORR,0.0
1458,2024-08-30,PRECTOTCORR,0.0
1459,2024-08-31,PRECTOTCORR,0.0
1460,2024-09-01,PRECTOTCORR,0.18
1461,2024-09-02,PRECTOTCORR,0.06
1462,2024-09-03,PRECTOTCORR,0.16
1463,2024-09-04,PRECTOTCORR,0.03
1464,2024-09-05,PRECTOTCORR,0.06
1465,2024-09-06,PRECTOTCORR,0.03
1466,2024-09-07,PRECTOTCORR,0.01
1467,2024-09-08,PRECTOTCORR,0.05
1468,2024-09-09,PRECTOTCORR,0.18
1469,2024-09-10,PRECTOTCORR,0.02
1470,2024-09-11,PRECTOTCORR,0.0
1471,2024-09-12,PRECTOTCORR,0.0
1472,2024-09-13,PRECTOTCORR,0.02
1473,2024-09-14,PRECTOTCORR,0.0
1474,2024-09-15,PRECTOTCORR,0.01
1475,2024-09-16,PRECTOTCORR,0.0
1476,2024-09-17,PRECTOTCORR,0.0
1477,2024-09-18,PRECTOTCORR,0.0
1478,2024-09-19,PRECTOTCORR,0.0
1479,2024-09-20,PRECTOTCORR,0.0
1480,2024-09-21,PRECTOTCORR,0.02
1481,2024-09-22,PRECTOTCORR,0.36
1482,2024-09-23,PRECTOTCORR,0.19
1483,2024-09-24,PRECTOTCORR,0.05
1484,2024-09-25,PRECTOTCORR,0.01
1485,2024-09-26,PRECTOTCORR,0.0
1486,2024-09-27,PRECTOTCORR,0.0
1487,2024-09-28,PRECTOTCORR,0.89
1488,2024-09-29,PRECTOTCORR,3.11
1489,2024-09-30,PRECTOTCORR,0.73
1490,2024-10-01,PRECTOTCORR,0.2
1491,2024-10-02,PRECTOTCORR,0.46
1492,2024-10-03,PRECTOTCORR,0.58
1493,2024-10-04,PRECTOTCORR,0.21
1494,2024-10-05,PRECTOTCORR,0.09
1495,2024-10-06,PRECTOTCORR,0.35
1496,2024-10-07,PRECTOTCORR,0.02
1497,2024-10-08,PRECTOTCORR,0.06
1498,2024-10-09,PRECTOTCORR,0.16
1499,2024-10-10,PRECTOTCORR,0.39
1500,2024-10-11,PRECTOTCORR,0.36
1501,2024-10-12,PRECTOTCORR,0.15
1502,2024-10-13,PRECTOTCORR,0.28
1503,2024-10-14,PRECTOTCORR,0.18
1504,2024-10-15,PRECTOTCORR,0.0
1505,2024-10-16,PRECTOTCORR,0.0
1506,2024-10-17,PRECTOTCORR,0.0
1507,2024-10-18,PRECTOTCORR,0.0
1508,2024-10-19,PRECTOTCORR,0.01
1509,2024-10-20,PRECTOTCORR,0.0
1510,2024-10-21,PRECTOTCORR,0.0
1511,2024-10-22,PRECTOTCORR,0.13
1512,2024-10-23,PRECTOTCORR,0.13
1513,2024-10-24,PRECTOTCORR,0.01
1514,2024-10-25,PRECTOTCORR,0.0
1515,2024-10-26,PRECTOTCORR,0.14
1516,2024-10-27,PRECTOTCORR,0.31
1517,2024-10-28,PRECTOTCORR,0.89
1518,2024-10-29,PRECTOTCORR,0.11
1519,2024-10-30,PRECTOTCORR,0.0
1520,2024-10-31,PRECTOTCORR,0.04
1521,2024-11-01,PRECTOTCORR,0.01
1522,2024-11-02,PRECTOTCORR,0.45
1523,2024-11-03,PRECTOTCORR,0.05
1524,2024-11-04,PRECTOTCORR,0.06
1525,2024-11-05,PRECTOTCORR,0.54
1526,2024-11-06,PRECTOTCORR,0.26
1527,2024-11-07,PRECTOTCORR,0.18
1528,2024-11-08,PRECTOTCORR,0.0
1529,2024-11-09,PRECTOTCORR,0.0
1530,2024-11-10,PRECTOTCORR,0.0
1531,2024-11-11,PRECTOTCORR,0.0
1532,2024-11-12,PRECTOTCORR,0.0
1533,2024-11-13,PRECTOTCORR,0.0
1534,2024-11-14,PRECTOTCORR,0.0
1535,2024-11-15,PRECTOTCORR,0.0
1536,2024-11-16,PRECTOTCORR,0.29
1537,2024-11-17,PRECTOTCORR,0.21
1538,2024-11-18,PRECTOTCORR,0.02
1539,2024-11-19,PRECTOTCORR,0.0
1540,2024-11-20,PRECTOTCORR,0.03
1541,2024-11-21,PRECTOTCORR,0.05
1542,2024-11-22,PRECTOTCORR,0.16
1543,2024-11-23,PRECTOTCORR,0.71
1544,2024-11-24,PRECTOTCORR,0.48
1545,2024-11-25,PRECTOTCORR,0.0
1546,2024-11-26,PRECTOTCORR,1.13
1547,2024-11-27,PRECTOTCORR,0.85
1548,2024-11-28,PRECTOTCORR,0.15
1549,2024-11-29,PRECTOTCORR,0.01
1550,2024-11-30,PRECTOTCORR,0.01
1551,2024-12-01,PRECTOTCORR,0.0
1552,2024-12-02,PRECTOTCORR,0.0
1553,2024-12-03,PRECTOTCORR,0.26
1554,2024-12-04,PRECTOTCORR,0.28
1555,2024-12-05,PRECTOTCORR,0.64
1556,2024-12-06,PRECTOTCORR,0.32
1557,2024-12-07,PRECTOTCORR,1.14
1558,2024-12-08,PRECTOTCORR,1.19
1559,2024-12-09,PRECTOTCORR,0.27
1560,2024-12-10,PRECTOTCORR,0.03
1561,2024-12-11,PRECTOTCORR,0.03
1562,2024-12-12,PRECTOTCORR,0.8
1563,2024-12-13,PRECTOTCORR,20.35
1564,2024-12-14,PRECTOTCORR,9.56
1565,2024-12-15,PRECTOTCORR,1.61
1566,2024-12-16,PRECTOTCORR,0.41
1567,2024-12-17,PRECTOTCORR,0.02
1568,2024-12-18,PRECTOTCORR,0.1
1569,2024-12-19,PRECTOTCORR,0.11
1570,2024-12-20,PRECTOTCORR,1.92
1571,2024-12-21,PRECTOTCORR,1.31
1572,2024-12-22,PRECTOTCORR,0.58
1573,2024-12-23,PRECTOTCORR,0.39
1574,2024-12-24,PRECTOTCORR,0.35
1575,2024-12-25,PRECTOTCORR,4.29
1576,2024-12-26,PRECTOTCORR,6.03
1577,2024-12-27,PRECTOTCORR,1.22
1578,2024-12-28,PRECTOTCORR,1.43
1579,2024-12-29,PRECTOTCORR,2.72
1580,2024-12-30,PRECTOTCORR,8.35
1581,2024-12-31,PRECTOTCORR,12.02
1582,2025-01-01,PRECTOTCORR,1.03
1583,2025-01-02,PRECTOTCORR,2.36
1584,2025-01-03,PRECTOTCORR,1.12
1585,2025-01-04,PRECTOTCORR,6.06
1586,2025-01-05,PRECTOTCORR,11.72
1587,2025-01-06,PRECTOTCORR,1.7
1588,2025-01-07,PRECTOTCORR,1.55
1589,2025-01-08,PRECTOTCORR,0.74
1590,2025-01-09,PRECTOTCORR,1.22
1591,2025-01-10,PRECTOTCORR,0.97
1592,2025-01-11,PRECTOTCORR,0.48
1593,2025-01-12,PRECTOTCORR,0.37
1594,2025-01-13,PRECTOTCORR,0.23
1595,2025-01-14,PRECTOTCORR,1.42
1596,2025-01-15,PRECTOTCORR,5.63
1597,2025-01-16,PRECTOTCORR,2.81
1598,2025-01-17,PRECTOTCORR,11.06
1599,2025-01-18,PRECTOTCORR,8.17
1600,2025-01-19,PRECTOTCORR,1.01
1601,2025-01-20,PRECTOTCORR,0.33
1602,2025-01-21,PRECTOTCORR,0.32
1603,2025-01-22,PRECTOTCORR,0.11
1604,2025-01-23,PRECTOTCORR,0.03
1605,2025-01-24,PRECTOTCORR,0.12
1606,2025-01-25,PRECTOTCORR,0.1
1607,2025-01-26,PRECTOTCORR,0.08
1608,2025-01-27,PRECTOTCORR,0.05
1609,2025-01-28,PRECTOTCORR,1.72
1610,2025-01-29,PRECTOTCORR,3.2
1611,2025-01-30,PRECTOTCORR,2.69
1612,2025-01-31,PRECTOTCORR,1.89
1613,2025-02-01,PRECTOTCORR,0.36
1614,2025-02-02,PRECTOTCORR,0.0
1615,2025-02-03,PRECTOTCORR,0.07
1616,2025-02-04,PRECTOTCORR,0.62
1617,2025-02-05,PRECTOTCORR,2.89
1618,2025-02-06,PRECTOTCORR,6.07
1619,2025-02-07,PRECTOTCORR,14.45
1620,2025-02-08,PRECTOTCORR,9.75
1621,2025-02-09,PRECTOTCORR,13.24
1622,2025-02-10,PRECTOTCORR,36.19
1623,2025-02-11,PRECTOTCORR,12.28
1624,2025-02-12,PRECTOTCORR,2.49
1625,2025-02-13,PRECTOTCORR,14.17
1626,2025-02-14,PRECTOTCORR,6.96
1627,2025-02-15,PRECTOTCORR,18.32
1628,2025-02-16,PRECTOTCORR,21.65
1629,2025-02-17,PRECTOTCORR,15.35
1630,2025-02-18,PRECTOTCORR,10.68
1631,2025-02-19,PRECTOTCORR,12.76
1632,2025-02-20,PRECTOTCORR,16.95
1633,2025-02-21,PRECTOTCORR,10.88
1634,2025-02-22,PRECTOTCORR,38.03
1635,2025-02-23,PRECTOTCORR,27.33
1636,2025-02-24,PRECTOTCORR,46.99
1637,2025-02-25,PRECTOTCORR,24.57
1638,2025-02-26,PRECTOTCORR,21.42
1639,2025-02-27,PRECTOTCORR,14.85
1640,2025-02-28,PRECTOTCORR,13.03
1641,2025-03-01,PRECTOTCORR,12.34
1642,2025-03-02,PRECTOTCORR,8.64
1643,2025-03-03,PRECTOTCORR,6.27
1644,2025-03-04,PRECTOTCORR,19.02
1645,2025-03-05,PRECTOTCORR,23.52
1646,2025-03-06,PRECTOTCORR,2.95
1647,2025-03-07,PRECTOTCORR,0.35
1648,2025-03-08,PRECTOTCORR,9.51
1649,2025-03-09,PRECTOTCORR,3.97
1650,2025-03-10,PRECTOTCORR,9.23
1651,2025-03-11,PRECTOTCORR,10.21
1652,2025-03-12,PRECTOTCORR,2.35
1653,2025-03-13,PRECTOTCORR,5.72
1654,2025-03-14,PRECTOTCORR,11.8
1655,2025-03-15,PRECTOTCORR,11.33
1656,2025-03-16,PRECTOTCORR,21.25
1657,2025-03-17,PRECTOTCORR,11.61
1658,2025-03-18,PRECTOTCORR,15.8
1659,2025-03-19,PRECTOTCORR,17.11
1660,2025-03-20,PRECTOTCORR,1.61
1661,2025-03-21,PRECTOTCORR,0.19
1662,2025-03-22,PRECTOTCORR,0.21
1663,2025-03-23,PRECTOTCORR,7.42
1664,2025-03-24,PRECTOTCORR,0.84
1665,2025-03-25,PRECTOTCORR,8.85
1666,2025-03-26,PRECTOTCORR,25.58
1667,2025-03-27,PRECTOTCORR,19.62
1668,2025-03-28,PRECTOTCORR,30.16
1669,2025-03-29,PRECTOTCORR,26.66
1670,2025-03-30,PRECTOTCORR,25.22
1671,2025-03-31,PRECTOTCORR,6.39
1672,2025-04-01,PRECTOTCORR,12.48
1673,2025-04-02,PRECTOTCORR,10.41
1674,2025-04-03,PRECTOTCORR,7.99
1675,2025-04-04,PRECTOTCORR,30.18
1676,2025-04-05,PRECTOTCORR,46.22
1677,2025-04-06,PRECTOTCORR,26.57
1678,2025-04-07,PRECTOTCORR,22.76
1679,2025-04-08,PRECTOTCORR,55.77
1680,2025-04-09,PRECTOTCORR,47.91
1681,2025-04-10,PRECTOTCORR,66.03
1682,2025-04-11,PRECTOTCORR,10.69
1683,2025-04-12,PRECTOTCORR,0.3
1684,2025-04-13,PRECTOTCORR,5.04
1685,2025-04-14,PRECTOTCORR,5.18
1686,2025-04-15,PRECTOTCORR,5.37
1687,2025-04-16,PRECTOTCORR,9.16
1688,2025-04-17,PRECTOTCORR,21.22
1689,2025-04-18,PRECTOTCORR,6.65
1690,2025-04-19,PRECTOTCORR,5.56
1691,2025-04-20,PRECTOTCORR,11.61
1692,2025-04-21,PRECTOTCORR,10.58
1693,2025-04-22,PRECTOTCORR,12.29
1694,2025-04-23,PRECTOTCORR,12.03
1695,2025-04-24,PRECTOTCORR,10.71
1696,2025-04-25,PRECTOTCORR,5.74
1697,2025-04-26,PRECTOTCORR,6.24
1698,2025-04-27,PRECTOTCORR,2.86
1699,2025-04-28,PRECTOTCORR,6.96
1700,2025-04-29,PRECTOTCORR,7.96
1701,2025-04-30,PRECTOTCORR,13.34
1702,2023-01-01,RH2M,58.33
1703,2023-01-02,RH2M,58.74
1704,2023-01-03,RH2M,64.2
1705,2023-01-04,RH2M,59.61
1706,2023-01-05,RH2M,61.31
1707,2023-01-06,RH2M,58.63
1708,2023-01-07,RH2M,59.81
1709,2023-01-08,RH2M,56.28
1710,2023-01-09,RH2M,56.97
1711,2023-01-10,RH2M,64.39
1712,2023-01-11,RH2M,67.74
1713,2023-01-12,RH2M,62.56
1714,2023-01-13,RH2M,67.44
1715,2023-01-14,RH2M,68.29
1716,2023-01-15,RH2M,70.73
1717,2023-01-16,RH2M,66.52
1718,2023-01-17,RH2M,61.94
1719,2023-01-18,RH2M,59.07
1720,2023-01-19,RH2M,71.41
1721,2023-01-20,RH2M,62.0
1722,2023-01-21,RH2M,65.13
1723,2023-01-22,RH2M,61.01
1724,2023-01-23,RH2M,59.71
1725,2023-01-24,RH2M,60.37
1726,2023-01-25,RH2M,58.86
1727,2023-01-26,RH2M,64.8
1728,2023-01-27,RH2M,66.69
1729,2023-01-28,RH2M,65.13
1730,2023-01-29,RH2M,65.34
1731,2023-01-30,RH2M,67.75
1732,2023-01-31,RH2M,68.84
1733,2023-02-01,RH2M,69.16
1734,2023-02-02,RH2M,68.04
1735,2023-02-03,RH2M,67.2
1736,2023-02-04,RH2M,67.33
1737,2023-02-05,RH2M,68.16
1738,2023-02-06,RH2M,66.04
1739,2023-02-07,RH2M,66.32
1740,2023-02-08,RH2M,67.96
1741,2023-02-09,RH2M,73.23
1742,2023-02-10,RH2M,76.01
1743,2023-02-11,RH2M,76.15
1744,2023-02-12,RH2M,83.5
1745,2023-02-13,RH2M,79.84
1746,2023-02-14,RH2M,82.11
1747,2023-02-15,RH2M,77.98
1748,2023-02-16,RH2M,82.18
1749,2023-02-17,RH2M,80.03
1750,2023-02-18,RH2M,77.61
1751,2023-02-19,RH2M,79.63
1752,2023-02-20,RH2M,88.87
1753,2023-02-21,RH2M,88.61
1754,2023-02-22,RH2M,83.01
1755,2023-02-23,RH2M,83.65
1756,2023-02-24,RH2M,82.34
1757,2023-02-25,RH2M,85.04
1758,2023-02-26,RH2M,82.49
1759,2023-02-27,RH2M,82.69
1760,2023-02-28,RH2M,85.01
1761,2023-03-01,RH2M,82.63
1762,2023-03-02,RH2M,84.05
1763,2023-03-03,RH2M,79.8
1764,2023-03-04,RH2M,81.09
1765,2023-03-05,RH2M,86.58
1766,2023-03-06,RH2M,87.44
1767,2023-03-07,RH2M,91.57
1768,2023-03-08,RH2M,89.85
1769,2023-03-09,RH2M,87.99
1770,2023-03-10,RH2M,88.59
1771,2023-03-11,RH2M,86.2
1772,2023-03-12,RH2M,86.37
1773,2023-03-13,RH2M,86.83
1774,2023-03-14,RH2M,84.43
1775,2023-03-15,RH2M,86.82
1776,2023-03-16,RH2M,88.5
1777,2023-03-17,RH2M,88.43
1778,2023-03-18,RH2M,83.97
1779,2023-03-19,RH2M,87.25
1780,2023-03-20,RH2M,87.54
1781,2023-03-21,RH2M,86.85
1782,2023-03-22,RH2M,88.98
1783,2023-03-23,RH2M,90.65
1784,2023-03-24,RH2M,87.98
1785,2023-03-25,RH2M,83.05
1786,2023-03-26,RH2M,84.29
1787,2023-03-27,RH2M,84.5
1788,2023-03-28,RH2M,83.04
1789,2023-03-29,RH2M,79.18
1790,2023-03-30,RH2M,85.14
1791,2023-03-31,RH2M,90.25
1792,2023-04-01,RH2M,85.25
1793,2023-04-02,RH2M,85.3
1794,2023-04-03,RH2M,81.36
1795,2023-04-04,RH2M,86.09
1796,2023-04-05,RH2M,87.43
1797,2023-04-06,RH2M,92.66
1798,2023-04-07,RH2M,86.36
1799,2023-04-08,RH2M,87.2
1800,2023-04-09,RH2M,87.64
1801,2023-04-10,RH2M,88.29
1802,2023-04-11,RH2M,84.93
1803,2023-04-12,RH2M,86.39
1804,2023-04-13,RH2M,87.65
1805,2023-04-14,RH2M,85.06
1806,2023-04-15,RH2M,88.9
1807,2023-04-16,RH2M,92.92
1808,2023-04-17,RH2M,89.56
1809,2023-04-18,RH2M,83.49
1810,2023-04-19,RH2M,88.77
1811,2023-04-20,RH2M,88.9
1812,2023-04-21,RH2M,84.33
1813,2023-04-22,RH2M,84.92
1814,2023-04-23,RH2M,87.47
1815,2023-04-24,RH2M,85.76
1816,2023-04-25,RH2M,85.03
1817,2023-04-26,RH2M,86.95
1818,2023-04-27,RH2M,88.11
1819,2023-04-28,RH2M,84.58
1820,2023-04-29,RH2M,89.4
1821,2023-04-30,RH2M,86.54
1822,2023-05-01,RH2M,83.98
1823,2023-05-02,RH2M,88.08
1824,2023-05-03,RH2M,87.33
1825,2023-05-04,RH2M,83.1
1826,2023-05-05,RH2M,86.23
1827,2023-05-06,RH2M,87.04
1828,2023-05-07,RH2M,84.0
1829,2023-05-08,RH2M,84.89
1830,2023-05-09,RH2M,83.6
1831,2023-05-10,RH2M,81.39
1832,2023-05-11,RH2M,83.16
1833,2023-05-12,RH2M,86.42
1834,2023-05-13,RH2M,87.54
1835,2023-05-14,RH2M,86.92
1836,2023-05-15,RH2M,86.39
1837,2023-05-16,RH2M,86.1
1838,2023-05-17,RH2M,85.13
1839,2023-05-18,RH2M,86.55
1840,2023-05-19,RH2M,85.76
1841,2023-05-20,RH2M,86.53
1842,2023-05-21,RH2M,87.99
1843,2023-05-22,RH2M,87.23
1844,2023-05-23,RH2M,86.84
1845,2023-05-24,RH2M,87.44
1846,2023-05-25,RH2M,88.29
1847,2023-05-26,RH2M,85.56
1848,2023-05-27,RH2M,88.62
1849,2023-05-28,RH2M,87.99
1850,2023-05-29,RH2M,84.22
1851,2023-05-30,RH2M,84.73
1852,2023-05-31,RH2M,84.99
1853,2023-06-01,RH2M,83.01
1854,2023-06-02,RH2M,81.24
1855,2023-06-03,RH2M,82.38
1856,2023-06-04,RH2M,85.07
1857,2023-06-05,RH2M,82.08
1858,2023-06-06,RH2M,86.71
1859,2023-06-07,RH2M,85.07
1860,2023-06-08,RH2M,84.14
1861,2023-06-09,RH2M,85.07
1862,2023-06-10,RH2M,83.31
1863,2023-06-11,RH2M,83.51
1864,2023-06-12,RH2M,81.28
1865,2023-06-13,RH2M,82.28
1866,2023-06-14,RH2M,82.07
1867,2023-06-15,RH2M,78.47
1868,2023-06-16,RH2M,80.2
1869,2023-06-17,RH2M,76.74
1870,2023-06-18,RH2M,78.16
1871,2023-06-19,RH2M,76.92
1872,2023-06-20,RH2M,78.25
1873,2023-06-21,RH2M,77.77
1874,2023-06-22,RH2M,76.57
1875,2023-06-23,RH2M,75.36
1876,2023-06-24,RH2M,76.5
1877,2023-06-25,RH2M,77.71
1878,2023-06-26,RH2M,73.61
1879,2023-06-27,RH2M,76.15
1880,2023-06-28,RH2M,76.07
1881,2023-06-29,RH2M,74.14
1882,2023-06-30,RH2M,73.62
1883,2023-07-01,RH2M,71.79
1884,2023-07-02,RH2M,74.25
1885,2023-07-03,RH2M,77.6
1886,2023-07-04,RH2M,74.68
1887,2023-07-05,RH2M,74.92
1888,2023-07-06,RH2M,75.51
1889,2023-07-07,RH2M,77.99
1890,2023-07-08,RH2M,80.47
1891,2023-07-09,RH2M,79.56
1892,2023-07-10,RH2M,77.47
1893,2023-07-11,RH2M,74.86
1894,2023-07-12,RH2M,73.43
1895,2023-07-13,RH2M,72.54
1896,2023-07-14,RH2M,73.62
1897,2023-07-15,RH2M,71.82
1898,2023-07-16,RH2M,72.06
1899,2023-07-17,RH2M,71.04
1900,2023-07-18,RH2M,67.77
1901,2023-07-19,RH2M,69.6
1902,2023-07-20,RH2M,69.04
1903,2023-07-21,RH2M,67.5
1904,2023-07-22,RH2M,67.47
1905,2023-07-23,RH2M,67.16
1906,2023-07-24,RH2M,69.4
1907,2023-07-25,RH2M,69.35
1908,2023-07-26,RH2M,66.49
1909,2023-07-27,RH2M,67.3
1910,2023-07-28,RH2M,64.65
1911,2023-07-29,RH2M,64.68
1912,2023-07-30,RH2M,63.82
1913,2023-07-31,RH2M,62.66
1914,2023-08-01,RH2M,59.3
1915,2023-08-02,RH2M,59.58
1916,2023-08-03,RH2M,60.04
1917,2023-08-04,RH2M,61.97
1918,2023-08-05,RH2M,61.67
1919,2023-08-06,RH2M,59.08
1920,2023-08-07,RH2M,59.15
1921,2023-08-08,RH2M,59.33
1922,2023-08-09,RH2M,59.31
1923,2023-08-10,RH2M,61.48
1924,2023-08-11,RH2M,60.32
1925,2023-08-12,RH2M,60.3
1926,2023-08-13,RH2M,62.71
1927,2023-08-14,RH2M,61.65
1928,2023-08-15,RH2M,63.31
1929,2023-08-16,RH2M,59.22
1930,2023-08-17,RH2M,60.9
1931,2023-08-18,RH2M,58.8
1932,2023-08-19,RH2M,60.42
1933,2023-08-20,RH2M,64.05
1934,2023-08-21,RH2M,60.86
1935,2023-08-22,RH2M,65.81
1936,2023-08-23,RH2M,59.69
1937,2023-08-24,RH2M,53.65
1938,2023-08-25,RH2M,56.68
1939,2023-08-26,RH2M,58.65
1940,2023-08-27,RH2M,57.59
1941,2023-08-28,RH2M,58.98
1942,2023-08-29,RH2M,53.76
1943,2023-08-30,RH2M,55.32
1944,2023-08-31,RH2M,56.42
1945,2023-09-01,RH2M,56.94
1946,2023-09-02,RH2M,57.52
1947,2023-09-03,RH2M,61.08
1948,2023-09-04,RH2M,58.15
1949,2023-09-05,RH2M,55.39
1950,2023-09-06,RH2M,57.45
1951,2023-09-07,RH2M,54.86
1952,2023-09-08,RH2M,57.72
1953,2023-09-09,RH2M,56.06
1954,2023-09-10,RH2M,55.86
1955,2023-09-11,RH2M,55.39
1956,2023-09-12,RH2M,56.31
1957,2023-09-13,RH2M,57.07
1958,2023-09-14,RH2M,57.05
1959,2023-09-15,RH2M,55.22
1960,2023-09-16,RH2M,54.33
1961,2023-09-17,RH2M,54.33
1962,2023-09-18,RH2M,56.64
1963,2023-09-19,RH2M,55.79
1964,2023-09-20,RH2M,56.25
1965,2023-09-21,RH2M,53.61
1966,2023-09-22,RH2M,52.99
1967,2023-09-23,RH2M,56.04
1968,2023-09-24,RH2M,54.48
1969,2023-09-25,RH2M,54.86
1970,2023-09-26,RH2M,56.73
1971,2023-09-27,RH2M,57.69
1972,2023-09-28,RH2M,55.1
1973,2023-09-29,RH2M,54.59
1974,2023-09-30,RH2M,55.0
1975,2023-10-01,RH2M,54.21
1976,2023-10-02,RH2M,55.29
1977,2023-10-03,RH2M,56.62
1978,2023-10-04,RH2M,54.22
1979,2023-10-05,RH2M,54.73
1980,2023-10-06,RH2M,53.11
1981,2023-10-07,RH2M,53.96
1982,2023-10-08,RH2M,52.31
1983,2023-10-09,RH2M,55.52
1984,2023-10-10,RH2M,62.45
1985,2023-10-11,RH2M,55.68
1986,2023-10-12,RH2M,57.93
1987,2023-10-13,RH2M,56.45
1988,2023-10-14,RH2M,58.21
1989,2023-10-15,RH2M,56.0
1990,2023-10-16,RH2M,59.33
1991,2023-10-17,RH2M,57.17
1992,2023-10-18,RH2M,54.6
1993,2023-10-19,RH2M,55.76
1994,2023-10-20,RH2M,58.12
1995,2023-10-21,RH2M,57.19
1996,2023-10-22,RH2M,56.95
1997,2023-10-23,RH2M,57.25
1998,2023-10-24,RH2M,59.65
1999,2023-10-25,RH2M,61.62
2000,2023-10-26,RH2M,62.58
2001,2023-10-27,RH2M,62.14
2002,2023-10-28,RH2M,65.54
2003,2023-10-29,RH2M,68.9
2004,2023-10-30,RH2M,66.38
2005,2023-10-31,RH2M,66.52
2006,2023-11-01,RH2M,67.11
2007,2023-11-02,RH2M,65.49
2008,2023-11-03,RH2M,63.15
2009,2023-11-04,RH2M,60.81
2010,2023-11-05,RH2M,56.94
2011,2023-11-06,RH2M,57.88
2012,2023-11-07,RH2M,57.22
2013,2023-11-08,RH2M,58.59
2014,2023-11-09,RH2M,57.95
2015,2023-11-10,RH2M,56.12
2016,2023-11-11,RH2M,57.21
2017,2023-11-12,RH2M,57.9
2018,2023-11-13,RH2M,58.46
2019,2023-11-14,RH2M,60.81
2020,2023-11-15,RH2M,61.45
2021,2023-11-16,RH2M,62.7
2022,2023-11-17,RH2M,60.06
2023,2023-11-18,RH2M,58.03
2024,2023-11-19,RH2M,59.81
2025,2023-11-20,RH2M,59.95
2026,2023-11-21,RH2M,59.65
2027,2023-11-22,RH2M,59.36
2028,2023-11-23,RH2M,60.02
2029,2023-11-24,RH2M,63.81
2030,2023-11-25,RH2M,57.94
2031,2023-11-26,RH2M,60.26
2032,2023-11-27,RH2M,58.93
2033,2023-11-28,RH2M,57.62
2034,2023-11-29,RH2M,57.2
2035,2023-11-30,RH2M,58.62
2036,2023-12-01,RH2M,59.34
2037,2023-12-02,RH2M,58.36
2038,2023-12-03,RH2M,56.85
2039,2023-12-04,RH2M,56.87
2040,2023-12-05,RH2M,61.94
2041,2023-12-06,RH2M,63.39
2042,2023-12-07,RH2M,71.47
2043,2023-12-08,RH2M,66.2
2044,2023-12-09,RH2M,64.94
2045,2023-12-10,RH2M,64.86
2046,2023-12-11,RH2M,65.41
2047,2023-12-12,RH2M,65.21
2048,2023-12-13,RH2M,62.77
2049,2023-12-14,RH2M,62.17
2050,2023-12-15,RH2M,63.52
2051,2023-12-16,RH2M,68.94
2052,2023-12-17,RH2M,65.5
2053,2023-12-18,RH2M,64.2
2054,2023-12-19,RH2M,67.65
2055,2023-12-20,RH2M,60.92
2056,2023-12-21,RH2M,57.61
2057,2023-12-22,RH2M,60.17
2058,2023-12-23,RH2M,62.99
2059,2023-12-24,RH2M,59.36
2060,2023-12-25,RH2M,66.97
2061,2023-12-26,RH2M,65.58
2062,2023-12-27,RH2M,69.63
2063,2023-12-28,RH2M,68.78
2064,2023-12-29,RH2M,69.47
2065,2023-12-30,RH2M,70.99
2066,2023-12-31,RH2M,73.84
2067,2024-01-01,RH2M,71.85
2068,2024-01-02,RH2M,72.31
2069,2024-01-03,RH2M,71.22
2070,2024-01-04,RH2M,71.55
2071,2024-01-05,RH2M,67.68
2072,2024-01-06,RH2M,64.72
2073,2024-01-07,RH2M,64.6
2074,2024-01-08,RH2M,65.13
2075,2024-01-09,RH2M,64.89
2076,2024-01-10,RH2M,73.26
2077,2024-01-11,RH2M,76.74
2078,2024-01-12,RH2M,76.59
2079,2024-01-13,RH2M,75.29
2080,2024-01-14,RH2M,74.05
2081,2024-01-15,RH2M,72.97
2082,2024-01-16,RH2M,69.28
2083,2024-01-17,RH2M,68.58
2084,2024-01-18,RH2M,70.59
2085,2024-01-19,RH2M,72.36
2086,2024-01-20,RH2M,73.46
2087,2024-01-21,RH2M,73.51
2088,2024-01-22,RH2M,69.9
2089,2024-01-23,RH2M,68.65
2090,2024-01-24,RH2M,67.53
2091,2024-01-25,RH2M,67.91
2092,2024-01-26,RH2M,69.17
2093,2024-01-27,RH2M,69.78
2094,2024-01-28,RH2M,74.83
2095,2024-01-29,RH2M,71.83
2096,2024-01-30,RH2M,75.72
2097,2024-01-31,RH2M,75.91
2098,2024-02-01,RH2M,71.78
2099,2024-02-02,RH2M,80.58
2100,2024-02-03,RH2M,78.82
2101,2024-02-04,RH2M,73.29
2102,2024-02-05,RH2M,77.81
2103,2024-02-06,RH2M,77.79
2104,2024-02-07,RH2M,77.37
2105,2024-02-08,RH2M,81.06
2106,2024-02-09,RH2M,84.91
2107,2024-02-10,RH2M,80.42
2108,2024-02-11,RH2M,83.34
2109,2024-02-12,RH2M,86.66
2110,2024-02-13,RH2M,81.71
2111,2024-02-14,RH2M,75.84
2112,2024-02-15,RH2M,79.79
2113,2024-02-16,RH2M,82.62
2114,2024-02-17,RH2M,81.8
2115,2024-02-18,RH2M,82.3
2116,2024-02-19,RH2M,86.71
2117,2024-02-20,RH2M,91.82
2118,2024-02-21,RH2M,82.68
2119,2024-02-22,RH2M,78.97
2120,2024-02-23,RH2M,83.29
2121,2024-02-24,RH2M,82.97
2122,2024-02-25,RH2M,84.44
2123,2024-02-26,RH2M,84.32
2124,2024-02-27,RH2M,86.64
2125,2024-02-28,RH2M,86.46
2126,2024-02-29,RH2M,82.7
2127,2024-03-01,RH2M,85.32
2128,2024-03-02,RH2M,84.08
2129,2024-03-03,RH2M,82.97
2130,2024-03-04,RH2M,83.69
2131,2024-03-05,RH2M,84.4
2132,2024-03-06,RH2M,83.45
2133,2024-03-07,RH2M,82.62
2134,2024-03-08,RH2M,82.93
2135,2024-03-09,RH2M,83.11
2136,2024-03-10,RH2M,82.4
2137,2024-03-11,RH2M,82.53
2138,2024-03-12,RH2M,80.77
2139,2024-03-13,RH2M,80.07
2140,2024-03-14,RH2M,78.29
2141,2024-03-15,RH2M,80.1
2142,2024-03-16,RH2M,77.02
2143,2024-03-17,RH2M,75.24
2144,2024-03-18,RH2M,76.02
2145,2024-03-19,RH2M,77.53
2146,2024-03-20,RH2M,79.76
2147,2024-03-21,RH2M,77.48
2148,2024-03-22,RH2M,78.78
2149,2024-03-23,RH2M,77.93
2150,2024-03-24,RH2M,75.1
2151,2024-03-25,RH2M,75.59
2152,2024-03-26,RH2M,75.83
2153,2024-03-27,RH2M,71.6
2154,2024-03-28,RH2M,70.91
2155,2024-03-29,RH2M,68.18
2156,2024-03-30,RH2M,64.21
2157,2024-03-31,RH2M,67.4
2158,2024-04-01,RH2M,72.72
2159,2024-04-02,RH2M,75.07
2160,2024-04-03,RH2M,72.84
2161,2024-04-04,RH2M,69.02
2162,2024-04-05,RH2M,69.14
2163,2024-04-06,RH2M,67.13
2164,2024-04-07,RH2M,65.12
2165,2024-04-08,RH2M,67.17
2166,2024-04-09,RH2M,62.78
2167,2024-04-10,RH2M,62.51
2168,2024-04-11,RH2M,59.84
2169,2024-04-12,RH2M,60.36
2170,2024-04-13,RH2M,62.31
2171,2024-04-14,RH2M,64.08
2172,2024-04-15,RH2M,66.43
2173,2024-04-16,RH2M,65.56
2174,2024-04-17,RH2M,61.9
2175,2024-04-18,RH2M,61.55
2176,2024-04-19,RH2M,66.72
2177,2024-04-20,RH2M,70.71
2178,2024-04-21,RH2M,70.77
2179,2024-04-22,RH2M,70.92
2180,2024-04-23,RH2M,69.03
2181,2024-04-24,RH2M,71.11
2182,2024-04-25,RH2M,71.34
2183,2024-04-26,RH2M,68.44
2184,2024-04-27,RH2M,73.7
2185,2024-04-28,RH2M,72.54
2186,2024-04-29,RH2M,69.94
2187,2024-04-30,RH2M,65.69
2188,2024-05-01,RH2M,62.23
2189,2024-05-02,RH2M,62.16
2190,2024-05-03,RH2M,63.76
2191,2024-05-04,RH2M,65.74
2192,2024-05-05,RH2M,64.77
2193,2024-05-06,RH2M,63.93
2194,2024-05-07,RH2M,65.1
2195,2024-05-08,RH2M,65.08
2196,2024-05-09,RH2M,61.84
2197,2024-05-10,RH2M,58.16
2198,2024-05-11,RH2M,58.69
2199,2024-05-12,RH2M,61.41
2200,2024-05-13,RH2M,60.72
2201,2024-05-14,RH2M,57.5
2202,2024-05-15,RH2M,66.11
2203,2024-05-16,RH2M,61.36
2204,2024-05-17,RH2M,59.62
2205,2024-05-18,RH2M,57.97
2206,2024-05-19,RH2M,56.88
2207,2024-05-20,RH2M,58.8
2208,2024-05-21,RH2M,59.35
2209,2024-05-22,RH2M,59.78
2210,2024-05-23,RH2M,57.74
2211,2024-05-24,RH2M,57.45
2212,2024-05-25,RH2M,55.69
2213,2024-05-26,RH2M,58.45
2214,2024-05-27,RH2M,57.91
2215,2024-05-28,RH2M,61.63
2216,2024-05-29,RH2M,64.56
2217,2024-05-30,RH2M,60.31
2218,2024-05-31,RH2M,59.0
2219,2024-06-01,RH2M,58.58
2220,2024-06-02,RH2M,59.19
2221,2024-06-03,RH2M,57.28
2222,2024-06-04,RH2M,56.05
2223,2024-06-05,RH2M,59.22
2224,2024-06-06,RH2M,56.87
2225,2024-06-07,RH2M,54.9
2226,2024-06-08,RH2M,56.59
2227,2024-06-09,RH2M,60.13
2228,2024-06-10,RH2M,59.38
2229,2024-06-11,RH2M,55.88
2230,2024-06-12,RH2M,57.15
2231,2024-06-13,RH2M,60.19
2232,2024-06-14,RH2M,60.86
2233,2024-06-15,RH2M,61.62
2234,2024-06-16,RH2M,60.6
2235,2024-06-17,RH2M,60.97
2236,2024-06-18,RH2M,61.16
2237,2024-06-19,RH2M,59.69
2238,2024-06-20,RH2M,60.46
2239,2024-06-21,RH2M,59.32
2240,2024-06-22,RH2M,57.97
2241,2024-06-23,RH2M,56.21
2242,2024-06-24,RH2M,59.73
2243,2024-06-25,RH2M,67.96
2244,2024-06-26,RH2M,64.9
2245,2024-06-27,RH2M,64.98
2246,2024-06-28,RH2M,61.01
2247,2024-06-29,RH2M,61.57
2248,2024-06-30,RH2M,65.84
2249,2024-07-01,RH2M,65.13
2250,2024-07-02,RH2M,63.07
2251,2024-07-03,RH2M,62.46
2252,2024-07-04,RH2M,61.82
2253,2024-07-05,RH2M,60.3
2254,2024-07-06,RH2M,58.53
2255,2024-07-07,RH2M,59.02
2256,2024-07-08,RH2M,59.11
2257,2024-07-09,RH2M,59.85
2258,2024-07-10,RH2M,59.32
2259,2024-07-11,RH2M,58.83
2260,2024-07-12,RH2M,59.33
2261,2024-07-13,RH2M,56.16
2262,2024-07-14,RH2M,54.97
2263,2024-07-15,RH2M,57.35
2264,2024-07-16,RH2M,55.06
2265,2024-07-17,RH2M,53.98
2266,2024-07-18,RH2M,53.33
2267,2024-07-19,RH2M,54.41
2268,2024-07-20,RH2M,57.12
2269,2024-07-21,RH2M,55.65
2270,2024-07-22,RH2M,53.1
2271,2024-07-23,RH2M,51.45
2272,2024-07-24,RH2M,53.67
2273,2024-07-25,RH2M,55.36
2274,2024-07-26,RH2M,56.01
2275,2024-07-27,RH2M,55.45
2276,2024-07-28,RH2M,55.53
2277,2024-07-29,RH2M,57.68
2278,2024-07-30,RH2M,54.19
2279,2024-07-31,RH2M,56.7
2280,2024-08-01,RH2M,54.22
2281,2024-08-02,RH2M,57.4
2282,2024-08-03,RH2M,59.49
2283,2024-08-04,RH2M,59.39
2284,2024-08-05,RH2M,58.65
2285,2024-08-06,RH2M,58.04
2286,2024-08-07,RH2M,58.52
2287,2024-08-08,RH2M,58.61
2288,2024-08-09,RH2M,59.87
2289,2024-08-10,RH2M,58.52
2290,2024-08-11,RH2M,57.49
2291,2024-08-12,RH2M,55.41
2292,2024-08-13,RH2M,55.82
2293,2024-08-14,RH2M,56.35
2294,2024-08-15,RH2M,56.78
2295,2024-08-16,RH2M,55.07
2296,2024-08-17,RH2M,56.06
2297,2024-08-18,RH2M,54.48
2298,2024-08-19,RH2M,54.08
2299,2024-08-20,RH2M,58.39
2300,2024-08-21,RH2M,57.39
2301,2024-08-22,RH2M,57.24
2302,2024-08-23,RH2M,57.73
2303,2024-08-24,RH2M,58.42
2304,2024-08-25,RH2M,56.61
2305,2024-08-26,RH2M,52.97
2306,2024-08-27,RH2M,55.72
2307,2024-08-28,RH2M,55.92
2308,2024-08-29,RH2M,54.96
2309,2024-08-30,RH2M,51.67
2310,2024-08-31,RH2M,56.13
2311,2024-09-01,RH2M,55.0
2312,2024-09-02,RH2M,55.59
2313,2024-09-03,RH2M,55.16
2314,2024-09-04,RH2M,56.06
2315,2024-09-05,RH2M,56.46
2316,2024-09-06,RH2M,55.38
2317,2024-09-07,RH2M,54.07
2318,2024-09-08,RH2M,55.12
2319,2024-09-09,RH2M,55.45
2320,2024-09-10,RH2M,55.5
2321,2024-09-11,RH2M,53.2
2322,2024-09-12,RH2M,54.18
2323,2024-09-13,RH2M,55.9
2324,2024-09-14,RH2M,54.88
2325,2024-09-15,RH2M,55.38
2326,2024-09-16,RH2M,55.03
2327,2024-09-17,RH2M,53.38
2328,2024-09-18,RH2M,55.94
2329,2024-09-19,RH2M,55.13
2330,2024-09-20,RH2M,56.48
2331,2024-09-21,RH2M,54.34
2332,2024-09-22,RH2M,56.95
2333,2024-09-23,RH2M,56.72
2334,2024-09-24,RH2M,55.21
2335,2024-09-25,RH2M,54.7
2336,2024-09-26,RH2M,54.47
2337,2024-09-27,RH2M,56.73
2338,2024-09-28,RH2M,58.69
2339,2024-09-29,RH2M,58.75
2340,2024-09-30,RH2M,57.5
2341,2024-10-01,RH2M,57.05
2342,2024-10-02,RH2M,58.01
2343,2024-10-03,RH2M,58.55
2344,2024-10-04,RH2M,56.81
2345,2024-10-05,RH2M,56.79
2346,2024-10-06,RH2M,58.13
2347,2024-10-07,RH2M,59.94
2348,2024-10-08,RH2M,58.75
2349,2024-10-09,RH2M,59.39
2350,2024-10-10,RH2M,58.11
2351,2024-10-11,RH2M,58.49
2352,2024-10-12,RH2M,58.03
2353,2024-10-13,RH2M,53.59
2354,2024-10-14,RH2M,53.26
2355,2024-10-15,RH2M,55.13
2356,2024-10-16,RH2M,56.19
2357,2024-10-17,RH2M,57.06
2358,2024-10-18,RH2M,55.97
2359,2024-10-19,RH2M,56.41
2360,2024-10-20,RH2M,55.99
2361,2024-10-21,RH2M,57.1
2362,2024-10-22,RH2M,58.22
2363,2024-10-23,RH2M,59.06
2364,2024-10-24,RH2M,58.73
2365,2024-10-25,RH2M,57.98
2366,2024-10-26,RH2M,57.83
2367,2024-10-27,RH2M,57.43
2368,2024-10-28,RH2M,54.44
2369,2024-10-29,RH2M,55.7
2370,2024-10-30,RH2M,53.96
2371,2024-10-31,RH2M,59.08
2372,2024-11-01,RH2M,58.41
2373,2024-11-02,RH2M,59.27
2374,2024-11-03,RH2M,59.75
2375,2024-11-04,RH2M,59.66
2376,2024-11-05,RH2M,59.27
2377,2024-11-06,RH2M,59.92
2378,2024-11-07,RH2M,62.53
2379,2024-11-08,RH2M,60.87
2380,2024-11-09,RH2M,58.67
2381,2024-11-10,RH2M,59.46
2382,2024-11-11,RH2M,57.4
2383,2024-11-12,RH2M,56.02
2384,2024-11-13,RH2M,54.76
2385,2024-11-14,RH2M,55.95
2386,2024-11-15,RH2M,55.76
2387,2024-11-16,RH2M,56.83
2388,2024-11-17,RH2M,58.5
2389,2024-11-18,RH2M,57.88
2390,2024-11-19,RH2M,58.85
2391,2024-11-20,RH2M,60.1
2392,2024-11-21,RH2M,61.21
2393,2024-11-22,RH2M,55.83
2394,2024-11-23,RH2M,60.1
2395,2024-11-24,RH2M,59.68
2396,2024-11-25,RH2M,58.53
2397,2024-11-26,RH2M,60.97
2398,2024-11-27,RH2M,61.98
2399,2024-11-28,RH2M,58.58
2400,2024-11-29,RH2M,59.26
2401,2024-11-30,RH2M,56.72
2402,2024-12-01,RH2M,59.99
2403,2024-12-02,RH2M,59.86
2404,2024-12-03,RH2M,58.52
2405,2024-12-04,RH2M,62.03
2406,2024-12-05,RH2M,62.26
2407,2024-12-06,RH2M,61.92
2408,2024-12-07,RH2M,59.37
2409,2024-12-08,RH2M,63.06
2410,2024-12-09,RH2M,60.6
2411,2024-12-10,RH2M,57.84
2412,2024-12-11,RH2M,55.27
2413,2024-12-12,RH2M,57.62
2414,2024-12-13,RH2M,67.6
2415,2024-12-14,RH2M,71.49
2416,2024-12-15,RH2M,69.24
2417,2024-12-16,RH2M,65.76
2418,2024-12-17,RH2M,64.51
2419,2024-12-18,RH2M,64.33
2420,2024-12-19,RH2M,65.23
2421,2024-12-20,RH2M,65.08
2422,2024-12-21,RH2M,65.47
2423,2024-12-22,RH2M,67.02
2424,2024-12-23,RH2M,67.95
2425,2024-12-24,RH2M,63.82
2426,2024-12-25,RH2M,65.83
2427,2024-12-26,RH2M,72.06
2428,2024-12-27,RH2M,70.19
2429,2024-12-28,RH2M,69.19
2430,2024-12-29,RH2M,67.55
2431,2024-12-30,RH2M,74.25
2432,2024-12-31,RH2M,76.69
2433,2025-01-01,RH2M,70.04
2434,2025-01-02,RH2M,73.48
2435,2025-01-03,RH2M,71.09
2436,2025-01-04,RH2M,71.06
2437,2025-01-05,RH2M,72.64
2438,2025-01-06,RH2M,71.03
2439,2025-01-07,RH2M,78.99
2440,2025-01-08,RH2M,73.67
2441,2025-01-09,RH2M,75.64
2442,2025-01-10,RH2M,71.9
2443,2025-01-11,RH2M,74.92
2444,2025-01-12,RH2M,68.71
2445,2025-01-13,RH2M,68.63
2446,2025-01-14,RH2M,75.54
2447,2025-01-15,RH2M,71.21
2448,2025-01-16,RH2M,74.85
2449,2025-01-17,RH2M,76.89
2450,2025-01-18,RH2M,77.25
2451,2025-01-19,RH2M,70.49
2452,2025-01-20,RH2M,70.68
2453,2025-01-21,RH2M,70.53
2454,2025-01-22,RH2M,68.94
2455,2025-01-23,RH2M,66.76
2456,2025-01-24,RH2M,66.65
2457,2025-01-25,RH2M,66.07
2458,2025-01-26,RH2M,64.92
2459,2025-01-27,RH2M,63.78
2460,2025-01-28,RH2M,64.15
2461,2025-01-29,RH2M,68.6
2462,2025-01-30,RH2M,69.02
2463,2025-01-31,RH2M,71.61
2464,2025-02-01,RH2M,67.23
2465,2025-02-02,RH2M,61.3
2466,2025-02-03,RH2M,62.43
2467,2025-02-04,RH2M,64.34
2468,2025-02-05,RH2M,67.7
2469,2025-02-06,RH2M,71.65
2470,2025-02-07,RH2M,75.17
2471,2025-02-08,RH2M,75.81
2472,2025-02-09,RH2M,73.87
2473,2025-02-10,RH2M,84.28
2474,2025-02-11,RH2M,87.04
2475,2025-02-12,RH2M,82.54
2476,2025-02-13,RH2M,83.02
2477,2025-02-14,RH2M,81.95
2478,2025-02-15,RH2M,83.11
2479,2025-02-16,RH2M,84.9
2480,2025-02-17,RH2M,86.57
2481,2025-02-18,RH2M,82.37
2482,2025-02-19,RH2M,82.66
2483,2025-02-20,RH2M,82.13
2484,2025-02-21,RH2M,80.92
2485,2025-02-22,RH2M,88.06
2486,2025-02-23,RH2M,86.24
2487,2025-02-24,RH2M,87.11
2488,2025-02-25,RH2M,85.63
2489,2025-02-26,RH2M,84.68
2490,2025-02-27,RH2M,86.64
2491,2025-02-28,RH2M,89.11
2492,2025-03-01,RH2M,90.23
2493,2025-03-02,RH2M,88.52
2494,2025-03-03,RH2M,87.17
2495,2025-03-04,RH2M,88.01
2496,2025-03-05,RH2M,86.25
2497,2025-03-06,RH2M,81.97
2498,2025-03-07,RH2M,82.08
2499,2025-03-08,RH2M,90.47
2500,2025-03-09,RH2M,82.88
2501,2025-03-10,RH2M,89.47
2502,2025-03-11,RH2M,90.1
2503,2025-03-12,RH2M,87.28
2504,2025-03-13,RH2M,89.36
2505,2025-03-14,RH2M,87.2
2506,2025-03-15,RH2M,88.0
2507,2025-03-16,RH2M,84.34
2508,2025-03-17,RH2M,85.09
2509,2025-03-18,RH2M,88.33
2510,2025-03-19,RH2M,87.97
2511,2025-03-20,RH2M,87.29
2512,2025-03-21,RH2M,86.08
2513,2025-03-22,RH2M,86.5
2514,2025-03-23,RH2M,84.12
2515,2025-03-24,RH2M,82.31
2516,2025-03-25,RH2M,84.14
2517,2025-03-26,RH2M,87.76
2518,2025-03-27,RH2M,88.32
2519,2025-03-28,RH2M,90.69
2520,2025-03-29,RH2M,87.19
2521,2025-03-30,RH2M,90.42
2522,2025-03-31,RH2M,85.04
2523,2025-04-01,RH2M,90.3
2524,2025-04-02,RH2M,90.03
2525,2025-04-03,RH2M,88.17
2526,2025-04-04,RH2M,89.15
2527,2025-04-05,RH2M,90.02
2528,2025-04-06,RH2M,89.63
2529,2025-04-07,RH2M,87.39
2530,2025-04-08,RH2M,89.0
2531,2025-04-09,RH2M,91.35
2532,2025-04-10,RH2M,94.51
2533,2025-04-11,RH2M,90.8
2534,2025-04-12,RH2M,88.17
2535,2025-04-13,RH2M,92.89
2536,2025-04-14,RH2M,88.09
2537,2025-04-15,RH2M,87.4
2538,2025-04-16,RH2M,87.29
2539,2025-04-17,RH2M,87.14
2540,2025-04-18,RH2M,88.88
2541,2025-04-19,RH2M,85.01
2542,2025-04-20,RH2M,87.19
2543,2025-04-21,RH2M,87.61
2544,2025-04-22,RH2M,87.01
2545,2025-04-23,RH2M,87.89
2546,2025-04-24,RH2M,90.17
2547,2025-04-25,RH2M,88.19
2548,2025-04-26,RH2M,92.71
2549,2025-04-27,RH2M,87.75
2550,2025-04-28,RH2M,87.43
2551,2025-04-29,RH2M,87.78
2552,2025-04-30,RH2M,86.59
